(title "Turbulent Viscosity")
(labels "Position" "Turbulent Viscosity")

((xy/key/label "line-0.00m")
0	6.36755e-05
0.00124466	6.36755e-05
0.00241551	6.36755e-05
0.00351692	6.36755e-05
0.00455301	6.36755e-05
0.00552765	6.36755e-05
0.00644449	6.36755e-05
0.00730695	6.36755e-05
0.00811827	6.36755e-05
0.00888147	6.36755e-05
0.00959941	6.36755e-05
0.0102748	6.36755e-05
0.0109101	6.36755e-05
0.0115077	6.36755e-05
0.0120699	6.36755e-05
0.0125987	6.36755e-05
0.0130962	6.36755e-05
0.0135642	6.36755e-05
0.0140044	6.36756e-05
0.0144185	6.36756e-05
0.0148081	6.36756e-05
0.0151745	6.36756e-05
0.0155193	6.36756e-05
0.0158435	6.36756e-05
0.0161486	6.36757e-05
0.0164355	6.36757e-05
0.0167055	6.36757e-05
0.0169594	6.36758e-05
0.0171983	6.36759e-05
0.017423	6.3676e-05
0.0176344	6.36762e-05
0.0178332	6.36764e-05
0.0180202	6.36767e-05
0.0181962	6.3677e-05
0.0183617	6.36776e-05
0.0185174	6.36784e-05
0.0186639	6.36796e-05
0.0188017	6.36815e-05
0.0189313	6.36844e-05
0.0190532	6.36891e-05
0.0191679	6.36969e-05
0.0192758	6.37092e-05
0.0193773	6.37219e-05
0.0194727	6.36624e-05
0.0195626	6.2879e-05
0.019647	5.66935e-05
0.0197265	3.25395e-05
0.0198013	7.65663e-06
0.0198716	1.20819e-06
0.0199378	9.31362e-06
0.02	3.45297e-05
0.0200622	3.65834e-05
0.0201259	1.24047e-05
0.020191	2.47323e-06
0.0202576	7.96597e-07
0.0203257	2.12618e-06
0.0203955	9.59955e-06
0.0204668	2.40415e-05
0.0205398	3.68856e-05
0.0206145	4.29573e-05
0.0206909	4.47883e-05
0.020769	4.48938e-05
0.020849	4.44932e-05
0.0209308	4.40336e-05
0.0210145	4.36483e-05
0.0211001	4.33557e-05
0.0211878	4.31408e-05
0.0212774	4.29839e-05
0.0213691	4.28685e-05
0.0214629	4.27824e-05
0.0215589	4.27173e-05
0.0216571	4.26673e-05
0.0217576	4.26284e-05
0.0218604	4.25977e-05
0.0219655	4.25732e-05
0.0220731	4.25535e-05
0.0221832	4.25375e-05
0.0222958	4.25244e-05
0.022411	4.25135e-05
0.0225289	4.25044e-05
0.0226495	4.24968e-05
0.0227729	4.24903e-05
0.0228991	4.24849e-05
0.0230283	4.24802e-05
0.0231604	4.24762e-05
0.0232956	4.24727e-05
0.0234339	4.24697e-05
0.0235754	4.24671e-05
0.0237201	4.24648e-05
0.0238682	4.24629e-05
0.0240198	4.24611e-05
0.0241748	4.24596e-05
0.0243334	4.24582e-05
0.0244957	4.2457e-05
0.0246617	4.24559e-05
0.0248315	4.2455e-05
0.0250053	4.24542e-05
0.025183	4.24534e-05
0.0253649	4.24527e-05
0.025551	4.24521e-05
0.0257414	4.24516e-05
0.0259362	4.24511e-05
0.0261354	4.24506e-05
0.0263393	4.24502e-05
0.0265479	4.24499e-05
0.0267613	4.24495e-05
0.0269796	4.24493e-05
0.027203	4.2449e-05
0.0274315	4.24487e-05
0.0276653	4.24485e-05
0.0279045	4.24483e-05
0.0281492	4.24481e-05
0.0283996	4.2448e-05
0.0286557	4.24478e-05
0.0289178	4.24477e-05
0.0291859	4.24475e-05
0.0294602	4.24474e-05
0.0297408	4.24473e-05
0.030028	4.24472e-05
0.0303217	4.24471e-05
0.0306222	4.24471e-05
0.0309297	4.2447e-05
0.0312443	4.24469e-05
0.0315661	4.24468e-05
0.0318954	4.24468e-05
0.0322322	4.24467e-05
0.0325769	4.24467e-05
0.0329295	4.24466e-05
0.0332902	4.24466e-05
0.0336593	4.24466e-05
0.0340369	4.24465e-05
0.0344232	4.24465e-05
0.0348184	4.24465e-05
0.0352228	4.24464e-05
0.0356365	4.24464e-05
0.0360597	4.24464e-05
0.0364927	4.24464e-05
0.0369358	4.24463e-05
0.037389	4.24463e-05
0.0378527	4.24463e-05
0.0383271	4.24463e-05
0.0388125	4.24463e-05
0.0393091	4.24463e-05
0.0398171	4.24462e-05
0.0403369	4.24462e-05
0.0408687	4.24462e-05
0.0414127	4.24462e-05
0.0419693	4.24462e-05
0.0425388	4.24462e-05
0.0431214	4.24462e-05
0.0437175	4.24462e-05
0.0443273	4.24462e-05
0.0449512	4.24462e-05
0.0455895	4.24462e-05
0.0462426	4.24462e-05
0.0469107	4.24462e-05
0.0475943	4.24462e-05
0.0482936	4.24462e-05
0.0490091	4.24461e-05
0.0497411	4.24461e-05
0.05049	4.24461e-05
0.0512562	4.24461e-05
0.0520401	4.24461e-05
0.0528421	4.24461e-05
0.0536627	4.24461e-05
0.0545021	4.24461e-05
0.0553609	4.24461e-05
0.0562396	4.24461e-05
0.0571386	4.24461e-05
0.0580583	4.24461e-05
0.0589992	4.24461e-05
0.0599619	4.24461e-05
0.0609468	4.24461e-05
0.0619545	4.24461e-05
0.0629854	4.24461e-05
0.0640401	4.24461e-05
0.0651192	4.24461e-05
0.0662231	4.24461e-05
0.0673526	4.24461e-05
0.0685082	4.24461e-05
0.0696904	4.24461e-05
0.0708999	4.24461e-05
0.0721374	4.24461e-05
0.0734034	4.24461e-05
0.0746987	4.24461e-05
0.0760238	4.24461e-05
0.0773796	4.24461e-05
0.0787667	4.24461e-05
0.0801857	4.24461e-05
0.0816376	4.24461e-05
0.083123	4.24461e-05
0.0846427	4.24461e-05
0.0861974	4.24461e-05
0.0877881	4.24461e-05
0.0894155	4.24461e-05
0.0910805	4.24461e-05
0.0927839	4.24461e-05
0.0945266	4.24461e-05
0.0963096	4.24298e-05
0.0981337	3.20386e-05
0.1	2.14245e-05
)

((xy/key/label "line-0.05m")
0	6.32882e-05
0.00124466	6.32882e-05
0.00241551	6.32882e-05
0.00351692	6.32883e-05
0.00455301	6.32884e-05
0.00552765	6.32885e-05
0.00644449	6.32886e-05
0.00730695	6.32888e-05
0.00811827	6.3289e-05
0.00888147	6.32893e-05
0.00959941	6.32896e-05
0.0102748	6.329e-05
0.0109101	6.32905e-05
0.0115077	6.32911e-05
0.0120699	6.32918e-05
0.0125987	6.32927e-05
0.0130962	6.32938e-05
0.0135642	6.32951e-05
0.0140044	6.32967e-05
0.0144185	6.32987e-05
0.0148081	6.33013e-05
0.0151745	6.33044e-05
0.0155193	6.33085e-05
0.0158435	6.33137e-05
0.0161486	6.332e-05
0.0164355	6.33245e-05
0.0167055	6.3299e-05
0.0169594	6.30467e-05
0.0171983	6.1447e-05
0.017423	5.42222e-05
0.0176344	3.80161e-05
0.0178332	2.84892e-05
0.0180202	5.06619e-05
0.0181962	0.000103474
0.0183617	0.000163729
0.0185174	0.000218302
0.0186639	0.000266707
0.0188017	0.00030934
0.0189313	0.000346728
0.0190532	0.000379426
0.0191679	0.000407972
0.0192758	0.000432859
0.0193773	0.000454538
0.0194728	0.000473405
0.0195626	0.000489816
0.019647	0.000504082
0.0197265	0.000516475
0.0198013	0.000527235
0.0198716	0.00053657
0.0199378	0.000544664
0.02	0.000551674
0.0200622	0.000558102
0.0201259	0.000564086
0.020191	0.000569594
0.0202576	0.000574594
0.0203257	0.000579056
0.0203955	0.000582943
0.0204668	0.000586223
0.0205398	0.00058886
0.0206145	0.000590816
0.0206909	0.000592055
0.020769	0.000592538
0.020849	0.000592226
0.0209308	0.000591078
0.0210145	0.000589052
0.0211001	0.000586108
0.0211878	0.000582202
0.0212774	0.000577291
0.0213691	0.000571331
0.0214629	0.000564276
0.0215589	0.000556083
0.0216571	0.000546705
0.0217576	0.000536098
0.0218604	0.000524215
0.0219655	0.000511013
0.0220731	0.000496445
0.0221832	0.00048047
0.0222958	0.000463044
0.022411	0.00044413
0.0225289	0.000423695
0.0226495	0.000401717
0.0227729	0.000378177
0.0228991	0.000353068
0.0230283	0.000326393
0.0231604	0.000298178
0.0232956	0.000268479
0.0234339	0.000237394
0.0235754	0.000205096
0.0237201	0.000171878
0.0238682	0.000138255
0.0240198	0.000105183
0.0241748	7.44649e-05
0.0243334	4.91389e-05
0.0244957	3.27582e-05
0.0246617	2.70061e-05
0.0248315	2.95181e-05
0.0250053	3.49985e-05
0.025183	3.92597e-05
0.0253649	4.13601e-05
0.025551	4.21209e-05
0.0257414	4.23313e-05
0.0259362	4.23594e-05
0.0261354	4.23353e-05
0.0263393	4.22995e-05
0.0265479	4.2263e-05
0.0267613	4.22285e-05
0.0269796	4.21965e-05
0.027203	4.21668e-05
0.0274315	4.21392e-05
0.0276653	4.21135e-05
0.0279045	4.20896e-05
0.0281492	4.20673e-05
0.0283996	4.20465e-05
0.0286557	4.2027e-05
0.0289178	4.20089e-05
0.0291859	4.19919e-05
0.0294602	4.1976e-05
0.0297408	4.19611e-05
0.030028	4.19472e-05
0.0303217	4.19342e-05
0.0306222	4.19219e-05
0.0309297	4.19104e-05
0.0312443	4.18997e-05
0.0315661	4.18896e-05
0.0318954	4.18801e-05
0.0322322	4.18712e-05
0.0325769	4.18628e-05
0.0329295	4.1855e-05
0.0332902	4.18476e-05
0.0336593	4.18407e-05
0.0340369	4.18342e-05
0.0344232	4.18281e-05
0.0348184	4.18224e-05
0.0352228	4.1817e-05
0.0356365	4.1812e-05
0.0360597	4.18072e-05
0.0364927	4.18028e-05
0.0369358	4.17986e-05
0.037389	4.17947e-05
0.0378527	4.1791e-05
0.0383271	4.17876e-05
0.0388125	4.17843e-05
0.0393091	4.17813e-05
0.0398171	4.17785e-05
0.0403369	4.17758e-05
0.0408687	4.17733e-05
0.0414127	4.1771e-05
0.0419693	4.17688e-05
0.0425388	4.17668e-05
0.0431214	4.17649e-05
0.0437175	4.17631e-05
0.0443273	4.17615e-05
0.0449512	4.17599e-05
0.0455895	4.17585e-05
0.0462426	4.17571e-05
0.0469107	4.17559e-05
0.0475943	4.17547e-05
0.0482936	4.17536e-05
0.0490091	4.17526e-05
0.0497411	4.17516e-05
0.05049	4.17508e-05
0.0512562	4.175e-05
0.0520401	4.17492e-05
0.0528421	4.17485e-05
0.0536627	4.17479e-05
0.0545021	4.17473e-05
0.0553609	4.17467e-05
0.0562396	4.17462e-05
0.0571386	4.17457e-05
0.0580583	4.17453e-05
0.0589992	4.17449e-05
0.0599619	4.17445e-05
0.0609468	4.17441e-05
0.0619545	4.17438e-05
0.0629854	4.17435e-05
0.0640401	4.17432e-05
0.0651192	4.1743e-05
0.0662231	4.17428e-05
0.0673526	4.17425e-05
0.0685082	4.17424e-05
0.0696904	4.17422e-05
0.0708999	4.1742e-05
0.0721374	4.17419e-05
0.0734034	4.17417e-05
0.0746987	4.17416e-05
0.0760238	4.17415e-05
0.0773796	4.17414e-05
0.0787667	4.17413e-05
0.0801857	4.17412e-05
0.0816376	4.17411e-05
0.083123	4.1741e-05
0.0846427	4.1741e-05
0.0861974	4.17409e-05
0.0877881	4.17409e-05
0.0894155	4.17408e-05
0.0910804	4.17402e-05
0.0927839	4.17294e-05
0.0945266	4.15636e-05
0.0963096	3.96913e-05
0.0981337	2.7664e-05
0.1	1.71524e-05
)

((xy/key/label "line-0.10m")
0	6.29174e-05
0.00124466	6.29175e-05
0.00241551	6.29175e-05
0.00351692	6.29176e-05
0.00455301	6.29177e-05
0.00552765	6.29179e-05
0.00644449	6.29181e-05
0.00730695	6.29184e-05
0.00811827	6.29188e-05
0.00888147	6.29192e-05
0.00959941	6.29198e-05
0.0102748	6.29205e-05
0.0109101	6.29213e-05
0.0115077	6.29224e-05
0.0120699	6.29237e-05
0.0125987	6.29254e-05
0.0130962	6.29275e-05
0.0135642	6.29302e-05
0.0140044	6.29334e-05
0.0144185	6.29296e-05
0.0148081	6.2803e-05
0.0151745	6.14431e-05
0.0155193	5.41621e-05
0.0158435	4.57724e-05
0.0161486	6.87884e-05
0.0164355	0.000142329
0.0167055	0.000238249
0.0169594	0.000329424
0.0171983	0.000411725
0.017423	0.000485283
0.0176344	0.000550688
0.0178332	0.000608685
0.0180202	0.000660038
0.0181962	0.000705476
0.0183617	0.00074567
0.0185174	0.000781228
0.0186639	0.000812694
0.0188017	0.000840549
0.0189313	0.000865222
0.0190532	0.000887088
0.0191679	0.000906481
0.0192758	0.00092369
0.0193773	0.000938975
0.0194727	0.000952559
0.0195626	0.000964642
0.019647	0.000975398
0.0197265	0.000984981
0.0198013	0.000993526
0.0198716	0.00100115
0.0199378	0.00100796
0.02	0.00101405
0.0200622	0.00101983
0.0201259	0.00102543
0.020191	0.00103082
0.0202576	0.001036
0.0203257	0.00104095
0.0203955	0.00104564
0.0204668	0.00105006
0.0205398	0.00105419
0.0206145	0.001058
0.0206909	0.00106147
0.020769	0.00106459
0.020849	0.00106731
0.0209308	0.00106963
0.0210145	0.00107151
0.0211001	0.00107293
0.0211878	0.00107385
0.0212774	0.00107426
0.0213691	0.00107411
0.0214629	0.00107338
0.0215589	0.00107204
0.0216571	0.00107004
0.0217576	0.00106736
0.0218604	0.00106396
0.0219655	0.00105981
0.0220731	0.00105486
0.0221832	0.00104907
0.0222958	0.00104241
0.022411	0.00103483
0.0225289	0.0010263
0.0226495	0.00101676
0.0227729	0.00100617
0.0228991	0.000994494
0.0230283	0.000981675
0.0231604	0.000967669
0.0232956	0.000952426
0.0234339	0.000935899
0.0235754	0.000918037
0.0237201	0.00089879
0.0238682	0.000878108
0.0240198	0.00085594
0.0241748	0.000832236
0.0243334	0.000806946
0.0244957	0.000780021
0.0246617	0.000751419
0.0248315	0.0007211
0.0250053	0.000689029
0.025183	0.000655174
0.0253649	0.000619509
0.025551	0.00058202
0.0257414	0.000542702
0.0259362	0.000501572
0.0261354	0.000458671
0.0263393	0.000414074
0.0265479	0.000367913
0.0267613	0.000320404
0.0269796	0.000271899
0.027203	0.00022299
0.0274315	0.000174701
0.0276653	0.000128872
0.0279045	8.87062e-05
0.0281492	5.87008e-05
0.0283996	4.22229e-05
0.0286557	3.77179e-05
0.0289178	3.90304e-05
0.0291859	4.07678e-05
0.0294602	4.14351e-05
0.0297408	4.1545e-05
0.030028	4.15239e-05
0.0303217	4.14913e-05
0.0306222	4.14651e-05
0.0309297	4.14439e-05
0.0312443	4.14254e-05
0.0315661	4.14084e-05
0.0318954	4.13925e-05
0.0322322	4.13775e-05
0.0325769	4.13633e-05
0.0329295	4.13498e-05
0.0332902	4.1337e-05
0.0336593	4.13249e-05
0.0340369	4.13134e-05
0.0344232	4.13024e-05
0.0348184	4.12921e-05
0.0352228	4.12822e-05
0.0356365	4.12729e-05
0.0360597	4.12641e-05
0.0364927	4.12557e-05
0.0369358	4.12478e-05
0.037389	4.12403e-05
0.0378527	4.12332e-05
0.0383271	4.12265e-05
0.0388125	4.12202e-05
0.0393091	4.12141e-05
0.0398171	4.12085e-05
0.0403369	4.12031e-05
0.0408687	4.1198e-05
0.0414127	4.11933e-05
0.0419693	4.11888e-05
0.0425388	4.11845e-05
0.0431214	4.11805e-05
0.0437175	4.11767e-05
0.0443273	4.11732e-05
0.0449512	4.11698e-05
0.0455895	4.11667e-05
0.0462426	4.11637e-05
0.0469107	4.11609e-05
0.0475943	4.11583e-05
0.0482936	4.11559e-05
0.0490091	4.11536e-05
0.0497411	4.11514e-05
0.05049	4.11494e-05
0.0512562	4.11475e-05
0.0520401	4.11458e-05
0.0528421	4.11441e-05
0.0536627	4.11426e-05
0.0545021	4.11411e-05
0.0553609	4.11398e-05
0.0562396	4.11386e-05
0.0571386	4.11374e-05
0.0580583	4.11363e-05
0.0589992	4.11353e-05
0.0599619	4.11343e-05
0.0609468	4.11335e-05
0.0619545	4.11327e-05
0.0629854	4.11319e-05
0.0640401	4.11312e-05
0.0651192	4.11306e-05
0.0662231	4.113e-05
0.0673526	4.11294e-05
0.0685082	4.11289e-05
0.0696904	4.11284e-05
0.0708999	4.1128e-05
0.0721374	4.11276e-05
0.0734034	4.11272e-05
0.0746987	4.11269e-05
0.0760238	4.11266e-05
0.0773796	4.11263e-05
0.0787667	4.1126e-05
0.0801857	4.11258e-05
0.0816376	4.11255e-05
0.083123	4.11253e-05
0.0846427	4.11251e-05
0.0861974	4.11249e-05
0.0877881	4.11247e-05
0.0894155	4.11238e-05
0.0910805	4.11161e-05
0.0927839	4.10462e-05
0.0945266	4.05131e-05
0.0963096	3.74086e-05
0.0981337	2.47084e-05
0.1	1.4462e-05
)

((xy/key/label "line-0.15m")
0	6.25644e-05
0.00124466	6.25644e-05
0.00241551	6.25645e-05
0.00351692	6.25646e-05
0.00455301	6.25648e-05
0.00552765	6.25651e-05
0.00644449	6.25654e-05
0.00730695	6.25658e-05
0.00811827	6.25663e-05
0.00888147	6.2567e-05
0.00959941	6.25678e-05
0.0102748	6.25688e-05
0.0109101	6.25702e-05
0.0115077	6.25726e-05
0.0120699	6.25781e-05
0.0125987	6.25585e-05
0.0130962	6.18573e-05
0.0135642	5.76929e-05
0.0140044	6.23357e-05
0.0144185	0.000117821
0.0148081	0.000233388
0.0151745	0.000366971
0.0155193	0.000491398
0.0158435	0.000603607
0.0161486	0.000703914
0.0164355	0.000793196
0.0167055	0.000872489
0.0169594	0.00094284
0.0171983	0.00100524
0.017423	0.00106058
0.0176344	0.00110968
0.0178332	0.00115328
0.0180202	0.00119201
0.0181962	0.00122644
0.0183617	0.00125708
0.0185174	0.00128436
0.0186639	0.00130869
0.0188017	0.00133039
0.0189313	0.00134977
0.0190532	0.0013671
0.0191679	0.00138261
0.0192758	0.0013965
0.0193773	0.00140896
0.0194727	0.00142015
0.0195626	0.0014302
0.019647	0.00143924
0.0197265	0.00144738
0.0198013	0.00145473
0.0198716	0.00146135
0.0199378	0.00146734
0.02	0.00147276
0.0200622	0.00147796
0.0201259	0.00148307
0.020191	0.00148807
0.0202576	0.00149295
0.0203257	0.0014977
0.0203955	0.00150231
0.0204668	0.00150676
0.0205398	0.00151104
0.0206145	0.00151514
0.0206909	0.00151904
0.020769	0.00152271
0.020849	0.00152616
0.0209308	0.00152935
0.0210145	0.00153228
0.0211001	0.00153491
0.0211878	0.00153724
0.0212774	0.00153923
0.0213691	0.00154088
0.0214629	0.00154214
0.0215589	0.00154301
0.0216571	0.00154346
0.0217576	0.00154346
0.0218604	0.00154298
0.0219655	0.00154199
0.0220731	0.00154048
0.0221832	0.0015384
0.0222958	0.00153572
0.022411	0.00153242
0.0225289	0.00152846
0.0226495	0.00152381
0.0227729	0.00151843
0.0228991	0.00151227
0.0230283	0.00150532
0.0231604	0.00149751
0.0232956	0.00148882
0.0234339	0.0014792
0.0235754	0.00146862
0.0237201	0.00145701
0.0238682	0.00144434
0.0240198	0.00143056
0.0241748	0.00141563
0.0243334	0.00139948
0.0244957	0.00138208
0.0246617	0.00136337
0.0248315	0.0013433
0.0250053	0.00132181
0.025183	0.00129884
0.0253649	0.00127435
0.025551	0.00124828
0.0257414	0.00122057
0.0259362	0.00119116
0.0261354	0.00115999
0.0263393	0.00112701
0.0265479	0.00109217
0.0267613	0.00105541
0.0269796	0.00101667
0.027203	0.000975928
0.0274315	0.000933129
0.0276653	0.000888239
0.0279045	0.000841229
0.0281492	0.000792079
0.0283996	0.000740785
0.0286557	0.00068736
0.0289178	0.000631846
0.0291859	0.000574319
0.0294602	0.000514912
0.0297408	0.000453842
0.030028	0.000391455
0.0303217	0.000328318
0.0306222	0.000265382
0.0309297	0.000204295
0.0312443	0.000147905
0.0315661	0.000100584
0.0318954	6.70677e-05
0.0322322	4.90196e-05
0.0325769	4.26123e-05
0.0329295	4.13964e-05
0.0332902	4.12119e-05
0.0336593	4.1041e-05
0.0340369	4.0925e-05
0.0344232	4.0868e-05
0.0348184	4.08393e-05
0.0352228	4.08213e-05
0.0356365	4.08071e-05
0.0360597	4.07943e-05
0.0364927	4.07824e-05
0.0369358	4.0771e-05
0.037389	4.07602e-05
0.0378527	4.075e-05
0.0383271	4.07402e-05
0.0388125	4.07309e-05
0.0393091	4.0722e-05
0.0398171	4.07136e-05
0.0403369	4.07056e-05
0.0408687	4.0698e-05
0.0414127	4.06907e-05
0.0419693	4.06839e-05
0.0425388	4.06774e-05
0.0431214	4.06713e-05
0.0437175	4.06654e-05
0.0443273	4.06599e-05
0.0449512	4.06547e-05
0.0455895	4.06498e-05
0.0462426	4.06451e-05
0.0469107	4.06407e-05
0.0475943	4.06366e-05
0.0482936	4.06326e-05
0.0490091	4.0629e-05
0.0497411	4.06255e-05
0.05049	4.06222e-05
0.0512562	4.06191e-05
0.0520401	4.06163e-05
0.0528421	4.06135e-05
0.0536627	4.0611e-05
0.0545021	4.06086e-05
0.0553609	4.06064e-05
0.0562396	4.06043e-05
0.0571386	4.06023e-05
0.0580583	4.06005e-05
0.0589992	4.05988e-05
0.0599619	4.05972e-05
0.0609468	4.05957e-05
0.0619545	4.05943e-05
0.0629854	4.0593e-05
0.0640401	4.05918e-05
0.0651192	4.05907e-05
0.0662231	4.05896e-05
0.0673526	4.05887e-05
0.0685082	4.05878e-05
0.0696904	4.05869e-05
0.0708999	4.05861e-05
0.0721374	4.05854e-05
0.0734034	4.05848e-05
0.0746987	4.05841e-05
0.0760238	4.05836e-05
0.0773796	4.0583e-05
0.0787667	4.05826e-05
0.0801857	4.05821e-05
0.0816376	4.05817e-05
0.083123	4.05813e-05
0.0846427	4.05809e-05
0.0861974	4.05805e-05
0.0877881	4.05797e-05
0.0894155	4.0575e-05
0.0910804	4.05446e-05
0.0927839	4.03596e-05
0.0945266	3.94014e-05
0.0963096	3.54519e-05
0.0981337	2.25365e-05
0.1	1.26038e-05
)

((xy/key/label "line-0.20m")
0	6.22278e-05
0.00124466	6.22279e-05
0.00241551	6.2228e-05
0.00351692	6.22281e-05
0.00455301	6.22284e-05
0.00552765	6.22287e-05
0.00644449	6.22291e-05
0.00730695	6.22297e-05
0.00811827	6.22304e-05
0.00888147	6.22318e-05
0.00959941	6.22381e-05
0.0102748	6.22694e-05
0.0109101	6.21797e-05
0.0115077	6.13761e-05
0.0120699	7.68935e-05
0.0125987	0.00015839
0.0130962	0.000312802
0.0135642	0.000486803
0.0140044	0.000648062
0.0144185	0.000793113
0.0148081	0.000922524
0.0151745	0.00103753
0.0155193	0.00113955
0.0158435	0.00122997
0.0161486	0.00131011
0.0164355	0.00138116
0.0167055	0.00144417
0.0169594	0.00150011
0.0171983	0.00154981
0.017423	0.00159399
0.0176344	0.00163332
0.0178332	0.00166836
0.0180202	0.0016996
0.0181962	0.0017275
0.0183617	0.00175243
0.0185174	0.00177474
0.0186639	0.00179472
0.0188017	0.00181264
0.0189313	0.00182872
0.0190532	0.00184318
0.0191679	0.00185618
0.0192758	0.00186789
0.0193773	0.00187845
0.0194728	0.00188799
0.0195626	0.0018966
0.019647	0.0019044
0.0197265	0.00191146
0.0198013	0.00191786
0.0198716	0.00192367
0.0199378	0.00192895
0.02	0.00193376
0.0200622	0.0019384
0.0201259	0.00194299
0.020191	0.00194751
0.0202576	0.00195197
0.0203257	0.00195634
0.0203955	0.00196062
0.0204668	0.0019648
0.0205398	0.00196887
0.0206145	0.00197282
0.0206909	0.00197663
0.020769	0.0019803
0.020849	0.00198381
0.0209308	0.00198714
0.0210145	0.0019903
0.0211001	0.00199325
0.0211878	0.00199598
0.0212774	0.00199849
0.0213691	0.00200074
0.0214629	0.00200273
0.0215589	0.00200444
0.0216571	0.00200584
0.0217576	0.00200691
0.0218604	0.00200764
0.0219655	0.00200801
0.0220731	0.00200799
0.0221832	0.00200755
0.0222958	0.00200667
0.022411	0.00200533
0.0225289	0.0020035
0.0226495	0.00200116
0.0227729	0.00199826
0.0228991	0.00199479
0.0230283	0.00199071
0.0231604	0.00198599
0.0232956	0.00198059
0.0234339	0.00197448
0.0235754	0.00196763
0.0237201	0.00195999
0.0238682	0.00195154
0.0240198	0.00194222
0.0241748	0.001932
0.0243334	0.00192083
0.0244957	0.00190867
0.0246617	0.00189547
0.0248315	0.0018812
0.0250053	0.00186579
0.025183	0.0018492
0.0253649	0.00183138
0.025551	0.00181228
0.0257414	0.00179183
0.0259362	0.00177
0.0261354	0.00174671
0.0263393	0.00172192
0.0265479	0.00169556
0.0267613	0.00166758
0.0269796	0.00163791
0.027203	0.00160649
0.0274315	0.00157325
0.0276653	0.00153814
0.0279045	0.0015011
0.0281492	0.00146205
0.0283996	0.00142093
0.0286557	0.00137768
0.0289178	0.00133224
0.0291859	0.00128456
0.0294602	0.00123459
0.0297408	0.00118227
0.030028	0.00112757
0.0303217	0.00107044
0.0306222	0.00101087
0.0309297	0.000948835
0.0312443	0.000884346
0.0315661	0.000817435
0.0318954	0.00074817
0.0322322	0.000676668
0.0325769	0.000603123
0.0329295	0.000527844
0.0332902	0.000451325
0.0336593	0.000374371
0.0340369	0.000298345
0.0344232	0.000225596
0.0348184	0.000160045
0.0352228	0.000107021
0.0356365	7.09396e-05
0.0360597	5.16739e-05
0.0364927	4.39923e-05
0.0369358	4.15803e-05
0.037389	4.07823e-05
0.0378527	4.04699e-05
0.0383271	4.03563e-05
0.0388125	4.03147e-05
0.0393091	4.02953e-05
0.0398171	4.02822e-05
0.0403369	4.0271e-05
0.0408687	4.02607e-05
0.0414127	4.0251e-05
0.0419693	4.02417e-05
0.0425388	4.02328e-05
0.0431214	4.02244e-05
0.0437175	4.02164e-05
0.0443273	4.02088e-05
0.0449512	4.02016e-05
0.0455895	4.01947e-05
0.0462426	4.01882e-05
0.0469107	4.0182e-05
0.0475943	4.01762e-05
0.0482936	4.01706e-05
0.0490091	4.01654e-05
0.0497411	4.01604e-05
0.05049	4.01558e-05
0.0512562	4.01514e-05
0.0520401	4.01472e-05
0.0528421	4.01433e-05
0.0536627	4.01396e-05
0.0545021	4.01361e-05
0.0553609	4.01328e-05
0.0562396	4.01298e-05
0.0571386	4.01269e-05
0.0580583	4.01242e-05
0.0589992	4.01216e-05
0.0599619	4.01193e-05
0.0609468	4.0117e-05
0.0619545	4.01149e-05
0.0629854	4.0113e-05
0.0640401	4.01112e-05
0.0651192	4.01095e-05
0.0662231	4.01079e-05
0.0673526	4.01064e-05
0.0685082	4.0105e-05
0.0696904	4.01038e-05
0.0708999	4.01026e-05
0.0721374	4.01015e-05
0.0734034	4.01004e-05
0.0746987	4.00995e-05
0.0760238	4.00986e-05
0.0773796	4.00978e-05
0.0787667	4.0097e-05
0.0801857	4.00963e-05
0.0816376	4.00956e-05
0.083123	4.0095e-05
0.0846427	4.00944e-05
0.0861974	4.00935e-05
0.0877881	4.00905e-05
0.0894155	4.00761e-05
0.0910805	4.00026e-05
0.0927839	3.96607e-05
0.0945266	3.82892e-05
0.0963096	3.37488e-05
0.0981337	2.08462e-05
0.1	1.12357e-05
)

((xy/key/label "line-0.25m")
0.0281492	0.00204992
0.0283996	0.00201641
0.0286557	0.00198102
0.0289178	0.0019437
0.0291859	0.00190437
0.0294602	0.00186297
0.0297408	0.00181942
0.030028	0.00177365
0.0303217	0.0017256
0.0306222	0.00167519
0.0309297	0.00162235
0.0312443	0.00156703
0	6.19064e-05
0.00124466	6.19065e-05
0.00241551	6.19066e-05
0.00351692	6.19068e-05
0.00455301	6.19071e-05
0.00552765	6.19075e-05
0.00644449	6.19088e-05
0.00730695	6.19179e-05
0.00811827	6.19952e-05
0.00888147	6.23197e-05
0.00959941	6.63906e-05
0.0102748	0.000111266
0.0109101	0.000252842
0.0115077	0.000464894
0.0120699	0.000679136
0.0125987	0.000873276
0.0130962	0.00104659
0.0135642	0.00120042
0.0140044	0.0013366
0.0144185	0.00145702
0.0148081	0.0015635
0.0151745	0.00165766
0.0155193	0.001741
0.0158435	0.0018148
0.0161486	0.00188022
0.0164355	0.00193827
0.0167055	0.00198984
0.0169594	0.00203569
0.0171983	0.00207651
0.017423	0.00211289
0.0176344	0.00214534
0.0178332	0.00217434
0.0180202	0.00220026
0.0181962	0.00222347
0.0183617	0.00224427
0.0185174	0.00226294
0.0186639	0.00227971
0.0188017	0.00229479
0.0189313	0.00230837
0.0190532	0.00232062
0.0191679	0.00233167
0.0192758	0.00234165
0.0193773	0.00235068
0.0194727	0.00235886
0.0195626	0.00236627
0.019647	0.002373
0.0197265	0.00237911
0.0198013	0.00238467
0.0198716	0.00238974
0.0199378	0.00239436
0.02	0.00239857
0.0200622	0.00240266
0.0201259	0.00240671
0.020191	0.00241072
0.0202576	0.00241468
0.0203257	0.00241859
0.0203955	0.00242243
0.0204668	0.0024262
0.0205398	0.0024299
0.0206145	0.00243351
0.0206909	0.00243702
0.020769	0.00244043
0.020849	0.00244372
0.0209308	0.00244688
0.0210145	0.00244991
0.0211001	0.00245279
0.0211878	0.00245551
0.0212774	0.00245805
0.0213691	0.0024604
0.0214629	0.00246256
0.0215589	0.00246449
0.0216571	0.0024662
0.0217576	0.00246765
0.0218604	0.00246884
0.0219655	0.00246975
0.0220731	0.00247035
0.0221832	0.00247064
0.0222958	0.00247058
0.022411	0.00247016
0.0225289	0.00246936
0.0226495	0.00246814
0.0227729	0.0024665
0.0228991	0.0024644
0.0230283	0.00246182
0.0231604	0.00245873
0.0232956	0.0024551
0.0234339	0.0024509
0.0235754	0.00244611
0.0237201	0.00244069
0.0238682	0.00243461
0.0240198	0.00242783
0.0241748	0.00242032
0.0243334	0.00241204
0.0244957	0.00240296
0.0246617	0.00239303
0.0248315	0.00238222
0.0250053	0.00237048
0.025183	0.00235777
0.0253649	0.00234404
0.025551	0.00232925
0.0257414	0.00231335
0.0259362	0.00229629
0.0261354	0.00227802
0.0263393	0.00225849
0.0265479	0.00223763
0.0267613	0.00221541
0.0269796	0.00219175
0.027203	0.00216661
0.0274315	0.00213992
0.0276653	0.00211161
0.0279045	0.00208164
0.0281492	0.00204992
0.0315661	0.00150916
0.0312443	0.00156703
0.0318954	0.00144868
0.0322322	0.00138555
0.0325769	0.00131972
0.0329295	0.00125116
0.0332902	0.00117983
0.0336593	0.00110573
0.0340369	0.00102888
0.0344232	0.00094932
0.0348184	0.000867133
0.0352228	0.000782468
0.0356365	0.000695566
0.0360597	0.0006068
0.0364927	0.000516772
0.0369358	0.000426457
0.037389	0.000337496
0.0378527	0.000252704
0.0383271	0.000176696
0.0388125	0.000115655
0.0393091	7.4547e-05
0.0398171	5.27931e-05
0.0403369	4.40376e-05
0.0408687	4.1168e-05
0.0414127	4.02395e-05
0.0419693	3.99491e-05
0.0425388	3.98639e-05
0.0431214	3.98353e-05
0.0437175	3.9821e-05
0.0443273	3.98103e-05
0.0449512	3.98007e-05
0.0455895	3.97917e-05
0.0462426	3.97832e-05
0.0469107	3.97751e-05
0.0475943	3.97673e-05
0.0482936	3.976e-05
0.0490091	3.97531e-05
0.0497411	3.97465e-05
0.05049	3.97402e-05
0.0512562	3.97343e-05
0.0520401	3.97287e-05
0.0528421	3.97234e-05
0.0536627	3.97184e-05
0.0545021	3.97137e-05
0.0553609	3.97092e-05
0.0562396	3.9705e-05
0.0571386	3.97011e-05
0.0580583	3.96974e-05
0.0589992	3.96939e-05
0.0599619	3.96906e-05
0.0609468	3.96875e-05
0.0619545	3.96846e-05
0.0629854	3.96819e-05
0.0640401	3.96793e-05
0.0651192	3.96769e-05
0.0662231	3.96747e-05
0.0673526	3.96726e-05
0.0685082	3.96707e-05
0.0696904	3.96689e-05
0.0708999	3.96672e-05
0.0721374	3.96656e-05
0.0734034	3.96641e-05
0.0746987	3.96628e-05
0.0760238	3.96615e-05
0.0773796	3.96603e-05
0.0787667	3.96592e-05
0.0801857	3.96582e-05
0.0816376	3.96572e-05
0.083123	3.96563e-05
0.0846427	3.96552e-05
0.0861974	3.9653e-05
0.0877881	3.96453e-05
0.0894155	3.96126e-05
0.0910805	3.94754e-05
0.0927839	3.89519e-05
0.0945266	3.7206e-05
0.0963096	3.22461e-05
0.0981337	1.94752e-05
0.1	1.01814e-05
)

((xy/key/label "line-0.30m")
0.0189313	0.00279046
0.0190532	0.00280082
0.0191679	0.00281018
0.0192758	0.00281866
0.0269796	0.00270863
0.0267613	0.00272823
0.027203	0.00268775
0.0274315	0.00266553
0.0276653	0.00264192
0.0279045	0.00261687
0.0281492	0.0025903
0.0283996	0.00256216
0.0286557	0.00253239
0.0289178	0.00250091
0.0291859	0.00246767
0.0294602	0.0024326
0.0297408	0.00239562
0.030028	0.00235667
0.0303217	0.00231568
0.0306222	0.00227256
0.0309297	0.00222725
0.0312443	0.00217967
0.0315661	0.00212974
0.0318954	0.00207739
0.0322322	0.00202254
0	6.1599e-05
0.00124466	6.1599e-05
0.00241551	6.15992e-05
0.00351692	6.15997e-05
0.00455301	6.16046e-05
0.00552765	6.16642e-05
0.00644449	6.21956e-05
0.00730695	6.71951e-05
0.00811827	0.000114784
0.00888147	0.000276532
0.00959941	0.000532572
0.0102748	0.000796416
0.0109101	0.00103475
0.0115077	0.00124648
0.0120699	0.00143353
0.0125987	0.00159842
0.0130962	0.00174368
0.0135642	0.00187165
0.0140044	0.00198447
0.0144185	0.00208401
0.0148081	0.00217193
0.0151745	0.00224967
0.0155193	0.00231847
0.0158435	0.00237945
0.0161486	0.00243355
0.0164355	0.00248161
0.0167055	0.00252436
0.0169594	0.00256242
0.0171983	0.00259635
0.017423	0.00262663
0.0176344	0.00265369
0.0178332	0.00267789
0.0180202	0.00269958
0.0181962	0.00271902
0.0183617	0.00273647
0.0185174	0.00275216
0.0186639	0.00276628
0.0188017	0.002779
0.0189313	0.00279046
0.0193773	0.00282633
0.0192758	0.00281866
0.0194727	0.0028333
0.0195626	0.00283962
0.019647	0.00284537
0.0197265	0.0028506
0.0198013	0.00285537
0.0198716	0.00285971
0.0199378	0.00286368
0.02	0.00286731
0.0200622	0.00287083
0.0201259	0.00287433
0.020191	0.0028778
0.0202576	0.00288123
0.0203257	0.00288463
0.0203955	0.00288798
0.0204668	0.00289127
0.0205398	0.0028945
0.0206145	0.00289767
0.0206909	0.00290076
0.020769	0.00290378
0.020849	0.0029067
0.0209308	0.00290952
0.0210145	0.00291223
0.0211001	0.00291483
0.0211878	0.0029173
0.0212774	0.00291962
0.0213691	0.0029218
0.0214629	0.00292382
0.0215589	0.00292567
0.0216571	0.00292733
0.0217576	0.00292878
0.0218604	0.00293003
0.0219655	0.00293104
0.0220731	0.00293181
0.0221832	0.00293232
0.0222958	0.00293256
0.022411	0.00293249
0.0225289	0.00293212
0.0226495	0.00293141
0.0227729	0.00293034
0.0228991	0.0029289
0.0230283	0.00292707
0.0231604	0.00292481
0.0232956	0.00292212
0.0234339	0.00291895
0.0235754	0.00291529
0.0237201	0.00291111
0.0238682	0.00290638
0.0240198	0.00290107
0.0241748	0.00289515
0.0243334	0.00288859
0.0244957	0.00288135
0.0246617	0.00287341
0.0248315	0.00286473
0.0250053	0.00285526
0.025183	0.00284498
0.0253649	0.00283384
0.025551	0.0028218
0.0257414	0.00280882
0.0259362	0.00279486
0.0261354	0.00277986
0.0263393	0.00276379
0.0265479	0.0027466
0.0267613	0.00272823
0.0325769	0.00196511
0.0322322	0.00202254
0.0329295	0.00190503
0.0332902	0.00184223
0.0336593	0.00177663
0.0340369	0.00170818
0.0344232	0.00163681
0.0348184	0.00156248
0.0352228	0.00148513
0.0356365	0.00140474
0.0360597	0.00132129
0.0364927	0.00123477
0.0369358	0.00114521
0.037389	0.00105268
0.0378527	0.000957308
0.0383271	0.000859282
0.0388125	0.000758919
0.0393091	0.00065671
0.0398171	0.000553445
0.0403369	0.000450409
0.0408687	0.000349777
0.0414127	0.000255259
0.0419693	0.000172728
0.0425388	0.000109389
0.0431214	6.9436e-05
0.0437175	4.9881e-05
0.0443273	4.25699e-05
0.0449512	4.02925e-05
0.0455895	3.96378e-05
0.0462426	3.94674e-05
0.0469107	3.94217e-05
0.0475943	3.94047e-05
0.0482936	3.93939e-05
0.0490091	3.93848e-05
0.0497411	3.93763e-05
0.05049	3.93683e-05
0.0512562	3.93607e-05
0.0520401	3.93534e-05
0.0528421	3.93466e-05
0.0536627	3.93401e-05
0.0545021	3.9334e-05
0.0553609	3.93282e-05
0.0562396	3.93227e-05
0.0571386	3.93175e-05
0.0580583	3.93126e-05
0.0589992	3.9308e-05
0.0599619	3.93037e-05
0.0609468	3.92996e-05
0.0619545	3.92958e-05
0.0629854	3.92922e-05
0.0640401	3.92888e-05
0.0651192	3.92856e-05
0.0662231	3.92826e-05
0.0673526	3.92798e-05
0.0685082	3.92772e-05
0.0696904	3.92747e-05
0.0708999	3.92724e-05
0.0721374	3.92703e-05
0.0734034	3.92683e-05
0.0746987	3.92664e-05
0.0760238	3.92647e-05
0.0773796	3.92631e-05
0.0787667	3.92616e-05
0.0801857	3.92602e-05
0.0816376	3.92588e-05
0.083123	3.92574e-05
0.0846427	3.92554e-05
0.0861974	3.92506e-05
0.0877881	3.92342e-05
0.0894155	3.91731e-05
0.0910805	3.89544e-05
0.0927839	3.82392e-05
0.0945266	3.61651e-05
0.0963096	3.09045e-05
0.0981337	1.83286e-05
0.1	9.34102e-06
)

((xy/key/label "line-0.35m")
0	6.13047e-05
0.00124466	6.13061e-05
0.00241551	6.13284e-05
0.00351692	6.16134e-05
0.00455301	6.46214e-05
0.00552765	9.32523e-05
0.00644449	0.000226481
0.00730695	0.0004991
0.00811827	0.000822036
0.00888147	0.00111967
0.00959941	0.00138294
0.0102748	0.00161429
0.0109101	0.00181715
0.0115077	0.00199495
0.0120699	0.00215087
0.0125987	0.00228774
0.0130962	0.00240802
0.0135642	0.00251385
0.0140044	0.0026071
0.0144185	0.00268935
0.0148081	0.00276201
0.0151745	0.00282628
0.0155193	0.00288319
0.0158435	0.00293366
0.0161486	0.00297846
0.0164355	0.00301828
0.0167055	0.00305372
0.0169594	0.0030853
0.0171983	0.00311347
0.017423	0.00313863
0.0176344	0.00316112
0.0178332	0.00318126
0.0180202	0.0031993
0.0181962	0.00321549
0.0183617	0.00323004
0.0185174	0.00324311
0.0186639	0.00325489
0.0188017	0.0032655
0.0189313	0.00327507
0.0190532	0.00328372
0.0191679	0.00329155
0.0192758	0.00329863
0.0193773	0.00330505
0.0194727	0.00331087
0.0195626	0.00331616
0.019647	0.00332097
0.0197265	0.00332535
0.0198013	0.00332934
0.0198716	0.00333299
0.0199378	0.00333631
0.02	0.00333935
0.0200622	0.00334231
0.0201259	0.00334524
0.020191	0.00334815
0.0202576	0.00335103
0.0203257	0.00335388
0.0203955	0.00335669
0.0204668	0.00335946
0.0205398	0.00336217
0.0206145	0.00336484
0.0206909	0.00336744
0.020769	0.00336997
0.020849	0.00337243
0.0209308	0.0033748
0.0210145	0.00337708
0.0211001	0.00337927
0.0211878	0.00338135
0.0212774	0.00338332
0.0213691	0.00338516
0.0214629	0.00338686
0.0215589	0.00338842
0.0216571	0.00338982
0.0217576	0.00339105
0.0218604	0.00339211
0.0219655	0.00339297
0.0220731	0.00339363
0.0221832	0.00339406
0.0222958	0.00339427
0.022411	0.00339422
0.0225289	0.00339391
0.0226495	0.00339332
0.0227729	0.00339243
0.0228991	0.00339122
0.0230283	0.00338967
0.0231604	0.00338777
0.0232956	0.00338549
0.0234339	0.00338282
0.0235754	0.00337972
0.0237201	0.00337619
0.0238682	0.00337218
0.0240198	0.00336768
0.0241748	0.00336266
0.0243334	0.00335709
0.0244957	0.00335094
0.0246617	0.00334419
0.0248315	0.0033368
0.0250053	0.00332875
0.025183	0.00331998
0.0253649	0.00331049
0.025551	0.00330021
0.0257414	0.00328913
0.0259362	0.00327719
0.0261354	0.00326437
0.0263393	0.00325061
0.0265479	0.00323587
0.0267613	0.00322011
0.0269796	0.00320329
0.027203	0.00318535
0.0274315	0.00316625
0.0276653	0.00314592
0.0279045	0.00312433
0.0281492	0.00310141
0.0283996	0.00307712
0.0286557	0.00305138
0.0289178	0.00302414
0.0291859	0.00299534
0.0294602	0.00296492
0.0297408	0.00293281
0.030028	0.00289893
0.0303217	0.00286324
0.0306222	0.00282564
0.0309297	0.00278608
0.0312443	0.00274447
0.0315661	0.00270074
0.0318954	0.00265482
0.0322322	0.00260662
0.0325769	0.00255606
0.0329295	0.00250307
0.0332902	0.00244757
0.0336593	0.00238946
0.0340369	0.00232867
0.0344232	0.00226511
0.0348184	0.0021987
0.0352228	0.00212936
0.0356365	0.00205701
0.0360597	0.00198158
0.0364927	0.001903
0.0369358	0.00182122
0.037389	0.00173617
0.0378527	0.00164782
0.0383271	0.00155612
0.0388125	0.00146107
0.0393091	0.00136267
0.0398171	0.00126097
0.0403369	0.00115605
0.0408687	0.00104807
0.0414127	0.000937267
0.0419693	0.000824027
0.0425388	0.000708955
0.0431214	0.000593014
0.0437175	0.000477787
0.0443273	0.000365968
0.0449512	0.000262185
0.0455895	0.000173696
0.0462426	0.000108236
0.0469107	6.84972e-05
0.0475943	4.93851e-05
0.0482936	4.20996e-05
0.0490091	3.98202e-05
0.0497411	3.92143e-05
0.05049	3.90684e-05
0.0512562	3.90312e-05
0.0520401	3.9017e-05
0.0528421	3.90075e-05
0.0536627	3.89992e-05
0.0545021	3.89914e-05
0.0553609	3.89841e-05
0.0562396	3.89771e-05
0.0571386	3.89706e-05
0.0580583	3.89644e-05
0.0589992	3.89585e-05
0.0599619	3.89529e-05
0.0609468	3.89477e-05
0.0619545	3.89428e-05
0.0629854	3.89382e-05
0.0640401	3.89338e-05
0.0651192	3.89297e-05
0.0662231	3.89258e-05
0.0673526	3.89222e-05
0.0685082	3.89188e-05
0.0696904	3.89156e-05
0.0708999	3.89126e-05
0.0721374	3.89098e-05
0.0734034	3.89072e-05
0.0746987	3.89048e-05
0.0760238	3.89025e-05
0.0773796	3.89004e-05
0.0787667	3.88983e-05
0.0801857	3.88965e-05
0.0816376	3.88946e-05
0.083123	3.88924e-05
0.0846427	3.88888e-05
0.0861974	3.88793e-05
0.0877881	3.88491e-05
0.0894155	3.87493e-05
0.0910805	3.84354e-05
0.0927839	3.7528e-05
0.0945266	3.5171e-05
0.0963096	2.96936e-05
0.0981337	1.73467e-05
0.1	8.65327e-06
)

((xy/key/label "line-0.40m")
0	6.12093e-05
0.00124466	6.1997e-05
0.00241551	7.12427e-05
0.00351692	0.000144085
0.00455301	0.00037786
0.00552765	0.000743462
0.00644449	0.00111702
0.00730695	0.00144834
0.00811827	0.00173748
0.00888147	0.00198918
0.00959941	0.00220835
0.0102748	0.00239943
0.0109101	0.00256626
0.0115077	0.00271217
0.0120699	0.00283998
0.0125987	0.00295212
0.0130962	0.00305065
0.0135642	0.00313736
0.0140044	0.00321377
0.0144185	0.00328119
0.0148081	0.00334076
0.0151745	0.00339346
0.0155193	0.00344014
0.0158435	0.00348154
0.0161486	0.00351829
0.0164355	0.00355096
0.0167055	0.00358003
0.0169594	0.00360593
0.0171983	0.00362903
0.017423	0.00364965
0.0176344	0.00366809
0.0178332	0.00368458
0.0180202	0.00369936
0.0181962	0.00371261
0.0183617	0.0037245
0.0185174	0.0037352
0.0186639	0.00374481
0.0188017	0.00375347
0.0189313	0.00376128
0.0190532	0.00376833
0.0191679	0.0037747
0.0192758	0.00378046
0.0193773	0.00378568
0.0194728	0.00379041
0.0195626	0.0037947
0.019647	0.0037986
0.0197265	0.00380215
0.0198013	0.00380537
0.0198716	0.00380832
0.0199378	0.003811
0.02	0.00381345
0.0200622	0.00381583
0.0201259	0.00381819
0.020191	0.00382053
0.0202576	0.00382284
0.0203257	0.00382512
0.0203955	0.00382736
0.0204668	0.00382957
0.0205398	0.00383173
0.0206145	0.00383385
0.0206909	0.00383591
0.020769	0.00383791
0.020849	0.00383984
0.0209308	0.0038417
0.0210145	0.00384348
0.0211001	0.00384518
0.0211878	0.00384678
0.0212774	0.00384828
0.0213691	0.00384967
0.0214629	0.00385094
0.0215589	0.00385209
0.0216571	0.0038531
0.0217576	0.00385397
0.0218604	0.00385468
0.0219655	0.00385522
0.0220731	0.00385558
0.0221832	0.00385575
0.0222958	0.00385572
0.022411	0.00385547
0.0225289	0.00385499
0.0226495	0.00385427
0.0227729	0.00385329
0.0228991	0.00385203
0.0230283	0.00385048
0.0231604	0.00384862
0.0232956	0.00384644
0.0234339	0.00384391
0.0235754	0.00384101
0.0237201	0.00383773
0.0238682	0.00383403
0.0240198	0.00382991
0.0241748	0.00382534
0.0243334	0.00382029
0.0244957	0.00381474
0.0246617	0.00380866
0.0248315	0.00380202
0.0250053	0.00379479
0.025183	0.00378696
0.0253649	0.00377847
0.025551	0.00376931
0.0257414	0.00375944
0.0259362	0.00374883
0.0261354	0.00373743
0.0263393	0.00372521
0.0265479	0.00371213
0.0267613	0.00369816
0.0269796	0.00368325
0.027203	0.00366735
0.0274315	0.00365042
0.0276653	0.00363242
0.0279045	0.0036133
0.0281492	0.003593
0.0283996	0.00357148
0.0286557	0.00354868
0.0289178	0.00352454
0.0291859	0.00349902
0.0294602	0.00347205
0.0297408	0.00344357
0.030028	0.00341351
0.0303217	0.00338182
0.0306222	0.00334843
0.0309297	0.00331326
0.0312443	0.00327626
0.0315661	0.00323734
0.0318954	0.00319643
0.0322322	0.00315347
0.0325769	0.00310836
0.0329295	0.00306103
0.0332902	0.0030114
0.0336593	0.00295938
0.0340369	0.0029049
0.0344232	0.00284786
0.0348184	0.00278818
0.0352228	0.00272577
0.0356365	0.00266055
0.0360597	0.00259242
0.0364927	0.00252129
0.0369358	0.00244707
0.037389	0.00236968
0.0378527	0.00228903
0.0383271	0.00220504
0.0388125	0.00211764
0.0393091	0.00202676
0.0398171	0.00193235
0.0403369	0.00183436
0.0408687	0.00173275
0.0414127	0.00162751
0.0419693	0.00151863
0.0425388	0.00140617
0.0431214	0.00129021
0.0437175	0.00117092
0.0443273	0.00104853
0.0449512	0.000923456
0.0455895	0.000796313
0.0462426	0.00066809
0.0469107	0.000540402
0.0475943	0.000415966
0.0482936	0.000299409
0.0490091	0.000198081
0.0497411	0.00012098
0.05049	7.29398e-05
0.0512562	4.98702e-05
0.0520401	4.16394e-05
0.0528421	3.93473e-05
0.0536627	3.88157e-05
0.0545021	3.87036e-05
0.0553609	3.86761e-05
0.0562396	3.86644e-05
0.0571386	3.86557e-05
0.0580583	3.86479e-05
0.0589992	3.86406e-05
0.0599619	3.86337e-05
0.0609468	3.86272e-05
0.0619545	3.86211e-05
0.0629854	3.86152e-05
0.0640401	3.86098e-05
0.0651192	3.86046e-05
0.0662231	3.85997e-05
0.0673526	3.85952e-05
0.0685082	3.85909e-05
0.0696904	3.85868e-05
0.0708999	3.8583e-05
0.0721374	3.85795e-05
0.0734034	3.85762e-05
0.0746987	3.8573e-05
0.0760238	3.85701e-05
0.0773796	3.85674e-05
0.0787667	3.85648e-05
0.0801857	3.85623e-05
0.0816376	3.85597e-05
0.083123	3.85563e-05
0.0846427	3.85499e-05
0.0861974	3.8533e-05
0.0877881	3.84832e-05
0.0894155	3.8335e-05
0.0910804	3.79163e-05
0.0927839	3.68229e-05
0.0945266	3.42236e-05
0.0963096	2.85897e-05
0.0981337	1.64891e-05
0.1	8.07761e-06
)

((xy/key/label "line-0.45m")
0	0.000209835
0.00124466	0.000320701
0.00241551	0.00063686
0.00351692	0.00105947
0.00455301	0.00146638
0.00552765	0.00182191
0.00644449	0.00212954
0.00730695	0.00239585
0.00811827	0.00262683
0.00888147	0.00282762
0.00959941	0.00300252
0.0102748	0.00315517
0.0109101	0.00328862
0.0115077	0.0034055
0.0120699	0.003508
0.0125987	0.00359803
0.0130962	0.00367721
0.0135642	0.00374693
0.0140044	0.0038084
0.0144185	0.00386266
0.0148081	0.0039106
0.0151745	0.003953
0.0155193	0.00399056
0.0158435	0.00402384
0.0161486	0.00405338
0.0164355	0.00407961
0.0167055	0.00410293
0.0169594	0.00412369
0.0171983	0.00414218
0.017423	0.00415866
0.0176344	0.00417337
0.0178332	0.00418652
0.0180202	0.00419827
0.0181962	0.00420879
0.0183617	0.00421821
0.0185174	0.00422666
0.0186639	0.00423425
0.0188017	0.00424107
0.0189313	0.0042472
0.0190532	0.00425272
0.0191679	0.00425769
0.0192758	0.00426218
0.0193773	0.00426624
0.0194727	0.0042699
0.0195626	0.00427322
0.019647	0.00427622
0.0197265	0.00427894
0.0198013	0.00428142
0.0198716	0.00428366
0.0199378	0.00428571
0.02	0.00428757
0.0200622	0.00428937
0.0201259	0.00429115
0.020191	0.0042929
0.0202576	0.00429463
0.0203257	0.00429633
0.0203955	0.004298
0.0204668	0.00429963
0.0205398	0.00430121
0.0206145	0.00430275
0.0206909	0.00430424
0.020769	0.00430567
0.020849	0.00430704
0.0209308	0.00430834
0.0210145	0.00430957
0.0211001	0.00431072
0.0211878	0.00431178
0.0212774	0.00431275
0.0213691	0.00431363
0.0214629	0.0043144
0.0215589	0.00431505
0.0216571	0.00431558
0.0217576	0.00431598
0.0218604	0.00431623
0.0219655	0.00431634
0.0220731	0.00431629
0.0221832	0.00431607
0.0222958	0.00431567
0.022411	0.00431507
0.0225289	0.00431427
0.0226495	0.00431325
0.0227729	0.004312
0.0228991	0.00431051
0.0230283	0.00430875
0.0231604	0.00430672
0.0232956	0.00430441
0.0234339	0.00430178
0.0235754	0.00429883
0.0237201	0.00429554
0.0238682	0.00429189
0.0240198	0.00428786
0.0241748	0.00428342
0.0243334	0.00427857
0.0244957	0.00427327
0.0246617	0.0042675
0.0248315	0.00426123
0.0250053	0.00425445
0.025183	0.00424712
0.0253649	0.00423923
0.025551	0.00423073
0.0257414	0.0042216
0.0259362	0.0042118
0.0261354	0.00420132
0.0263393	0.0041901
0.0265479	0.00417813
0.0267613	0.00416535
0.0269796	0.00415174
0.027203	0.00413725
0.0274315	0.00412184
0.0276653	0.00410548
0.0279045	0.00408811
0.0281492	0.0040697
0.0283996	0.00405019
0.0286557	0.00402953
0.0289178	0.00400768
0.0291859	0.00398459
0.0294602	0.0039602
0.0297408	0.00393445
0.030028	0.00390728
0.0303217	0.00387864
0.0306222	0.00384847
0.0309297	0.00381669
0.0312443	0.00378326
0.0315661	0.00374809
0.0318954	0.00371112
0.0322322	0.00367227
0.0325769	0.00363148
0.0329295	0.00358866
0.0332902	0.00354374
0.0336593	0.00349665
0.0340369	0.00344728
0.0344232	0.00339558
0.0348184	0.00334144
0.0352228	0.00328478
0.0356365	0.00322551
0.0360597	0.00316354
0.0364927	0.00309878
0.0369358	0.00303114
0.037389	0.00296051
0.0378527	0.00288681
0.0383271	0.00280994
0.0388125	0.0027298
0.0393091	0.0026463
0.0398171	0.00255935
0.0403369	0.00246885
0.0408687	0.00237472
0.0414127	0.00227689
0.0419693	0.0021753
0.0425388	0.00206988
0.0431214	0.00196059
0.0437175	0.0018474
0.0443273	0.00173031
0.0449512	0.00160933
0.0455895	0.00148454
0.0462426	0.00135606
0.0469107	0.0012241
0.0475943	0.001089
0.0482936	0.000951287
0.0490091	0.00081178
0.0497411	0.000671807
0.05049	0.000533564
0.0512562	0.00040079
0.0520401	0.000279789
0.0528421	0.000179669
0.0536627	0.00010835
0.0545021	6.67593e-05
0.0553609	4.76388e-05
0.0562396	4.07866e-05
0.0571386	3.88839e-05
0.0580583	3.84545e-05
0.0589992	3.83671e-05
0.0599619	3.83454e-05
0.0609468	3.83353e-05
0.0619545	3.83275e-05
0.0629854	3.83203e-05
0.0640401	3.83135e-05
0.0651192	3.83072e-05
0.0662231	3.83012e-05
0.0673526	3.82955e-05
0.0685082	3.82902e-05
0.0696904	3.82852e-05
0.0708999	3.82805e-05
0.0721374	3.8276e-05
0.0734034	3.82719e-05
0.0746987	3.8268e-05
0.0760238	3.82643e-05
0.0773796	3.82609e-05
0.0787667	3.82576e-05
0.0801857	3.82543e-05
0.0816376	3.82507e-05
0.083123	3.82454e-05
0.0846427	3.82345e-05
0.0861974	3.82069e-05
0.0877881	3.81311e-05
0.0894155	3.79259e-05
0.0910804	3.73968e-05
0.0927839	3.61271e-05
0.0945266	3.33215e-05
0.0963096	2.75756e-05
0.0981337	1.57295e-05
0.1	7.58811e-06
)
