(title "Turbulent Kinetic Energy (k)")
(labels "Position" "Turbulent Kinetic Energy (k)")

((xy/key/label "line-0.00m")
0	0.0149938
0.00124466	0.015
0.00241551	0.015
0.00351692	0.015
0.00455301	0.015
0.00552765	0.015
0.00644449	0.015
0.00730695	0.015
0.00811827	0.015
0.00888147	0.015
0.00959941	0.015
0.0102748	0.015
0.0109101	0.015
0.0115077	0.015
0.0120699	0.015
0.0125987	0.015
0.0130962	0.015
0.0135642	0.015
0.0140044	0.015
0.0144185	0.015
0.0148081	0.015
0.0151745	0.015
0.0155193	0.015
0.0158435	0.015
0.0161486	0.015
0.0164355	0.015
0.0167055	0.015
0.0169594	0.015
0.0171983	0.015
0.017423	0.015
0.0176344	0.015
0.0178332	0.015
0.0180202	0.015
0.0181962	0.015
0.0183617	0.015
0.0185174	0.015
0.0186639	0.015
0.0188017	0.015
0.0189313	0.015
0.0190532	0.015
0.0191679	0.015
0.0192758	0.015
0.0193773	0.015
0.0194727	0.015
0.0195626	0.015
0.019647	0.015
0.0197265	0.015
0.0198013	0.015
0.0198716	0.015
0.0199378	0.015
0.02	0.015
0.0200622	0.015
0.0201259	0.015
0.020191	0.015
0.0202576	0.015
0.0203257	0.015
0.0203955	0.015
0.0204668	0.015
0.0205398	0.015
0.0206145	0.015
0.0206909	0.015
0.020769	0.015
0.020849	0.015
0.0209308	0.015
0.0210145	0.015
0.0211001	0.015
0.0211878	0.015
0.0212774	0.015
0.0213691	0.015
0.0214629	0.015
0.0215589	0.015
0.0216571	0.015
0.0217576	0.015
0.0218604	0.015
0.0219655	0.015
0.0220731	0.015
0.0221832	0.015
0.0222958	0.015
0.022411	0.015
0.0225289	0.015
0.0226495	0.015
0.0227729	0.015
0.0228991	0.015
0.0230283	0.015
0.0231604	0.015
0.0232956	0.015
0.0234339	0.015
0.0235754	0.015
0.0237201	0.015
0.0238682	0.015
0.0240198	0.015
0.0241748	0.015
0.0243334	0.015
0.0244957	0.015
0.0246617	0.015
0.0248315	0.015
0.0250053	0.015
0.025183	0.015
0.0253649	0.015
0.025551	0.015
0.0257414	0.015
0.0259362	0.015
0.0261354	0.015
0.0263393	0.015
0.0265479	0.015
0.0267613	0.015
0.0269796	0.015
0.027203	0.015
0.0274315	0.015
0.0276653	0.015
0.0279045	0.015
0.0281492	0.015
0.0283996	0.015
0.0286557	0.015
0.0289178	0.015
0.0291859	0.015
0.0294602	0.015
0.0297408	0.015
0.030028	0.015
0.0303217	0.015
0.0306222	0.015
0.0309297	0.015
0.0312443	0.015
0.0315661	0.015
0.0318954	0.015
0.0322322	0.015
0.0325769	0.015
0.0329295	0.015
0.0332902	0.015
0.0336593	0.015
0.0340369	0.015
0.0344232	0.015
0.0348184	0.015
0.0352228	0.015
0.0356365	0.015
0.0360597	0.015
0.0364927	0.015
0.0369358	0.015
0.037389	0.015
0.0378527	0.015
0.0383271	0.015
0.0388125	0.015
0.0393091	0.015
0.0398171	0.015
0.0403369	0.015
0.0408687	0.015
0.0414127	0.015
0.0419693	0.015
0.0425388	0.015
0.0431214	0.015
0.0437175	0.015
0.0443273	0.015
0.0449512	0.015
0.0455895	0.015
0.0462426	0.015
0.0469107	0.015
0.0475943	0.015
0.0482936	0.015
0.0490091	0.015
0.0497411	0.015
0.05049	0.015
0.0512562	0.015
0.0520401	0.015
0.0528421	0.015
0.0536627	0.015
0.0545021	0.015
0.0553609	0.015
0.0562396	0.015
0.0571386	0.015
0.0580583	0.015
0.0589992	0.015
0.0599619	0.015
0.0609468	0.015
0.0619545	0.015
0.0629854	0.015
0.0640401	0.015
0.0651192	0.015
0.0662231	0.015
0.0673526	0.015
0.0685082	0.015
0.0696904	0.015
0.0708999	0.015
0.0721374	0.015
0.0734034	0.015
0.0746987	0.015
0.0760238	0.015
0.0773796	0.015
0.0787667	0.015
0.0801857	0.015
0.0816376	0.015
0.083123	0.015
0.0846427	0.015
0.0861974	0.015
0.0877881	0.015
0.0894155	0.015
0.0910805	0.015
0.0927839	0.015
0.0945266	0.015
0.0963096	0.015
0.0981337	0.015
0.1	0.0149547
)

((xy/key/label "line-0.05m")
0	0.0139092
0.00124466	0.0139092
0.00241551	0.0139092
0.00351692	0.0139092
0.00455301	0.0139092
0.00552765	0.0139092
0.00644449	0.0139092
0.00730695	0.0139092
0.00811827	0.0139093
0.00888147	0.0139093
0.00959941	0.0139093
0.0102748	0.0139094
0.0109101	0.0139095
0.0115077	0.0139096
0.0120699	0.0139098
0.0125987	0.01391
0.0130962	0.0139102
0.0135642	0.0139105
0.0140044	0.0139109
0.0144185	0.0139114
0.0148081	0.0139121
0.0151745	0.0139129
0.0155193	0.013914
0.0158435	0.0139154
0.0161486	0.0139172
0.0164355	0.01392
0.0167055	0.0139256
0.0169594	0.0139436
0.0171983	0.0140214
0.017423	0.0144222
0.0176344	0.0171583
0.0178332	0.0368682
0.0180202	0.127054
0.0181962	0.33217
0.0183617	0.611651
0.0185174	0.906395
0.0186639	1.19441
0.0188017	1.46561
0.0189313	1.71513
0.0190532	1.94124
0.0191679	2.14395
0.0192758	2.32429
0.0193773	2.48377
0.0194728	2.62413
0.0195626	2.74719
0.019647	2.85474
0.0197265	2.94846
0.0198013	3.02993
0.0198716	3.10056
0.0199378	3.16167
0.02	3.21441
0.0200622	3.26251
0.0201259	3.30696
0.020191	3.34747
0.0202576	3.38373
0.0203257	3.41546
0.0203955	3.44234
0.0204668	3.46409
0.0205398	3.48038
0.0206145	3.49092
0.0206909	3.49541
0.020769	3.49353
0.020849	3.485
0.0209308	3.46952
0.0210145	3.44682
0.0211001	3.41663
0.0211878	3.37868
0.0212774	3.33275
0.0213691	3.2786
0.0214629	3.21605
0.0215589	3.14492
0.0216571	3.06509
0.0217576	2.97644
0.0218604	2.87892
0.0219655	2.77252
0.0220731	2.65729
0.0221832	2.53333
0.0222958	2.40084
0.022411	2.26011
0.0225289	2.11163
0.0226495	1.95606
0.0227729	1.79416
0.0228991	1.62682
0.0230283	1.45514
0.0231604	1.2805
0.0232956	1.10461
0.0234339	0.929591
0.0235754	0.758093
0.0237201	0.593461
0.0238682	0.439948
0.0240198	0.30299
0.0241748	0.189252
0.0243334	0.105248
0.0244957	0.0531821
0.0246617	0.0274119
0.0248315	0.0173517
0.0250053	0.0140675
0.025183	0.0130383
0.0253649	0.0126862
0.025551	0.0125503
0.0257414	0.0124908
0.0259362	0.01246
0.0261354	0.0124405
0.0263393	0.0124257
0.0265479	0.0124132
0.0267613	0.0124021
0.0269796	0.0123919
0.027203	0.0123826
0.0274315	0.012374
0.0276653	0.012366
0.0279045	0.0123586
0.0281492	0.0123518
0.0283996	0.0123454
0.0286557	0.0123395
0.0289178	0.0123341
0.0291859	0.012329
0.0294602	0.0123243
0.0297408	0.0123199
0.030028	0.0123158
0.0303217	0.012312
0.0306222	0.0123085
0.0309297	0.0123052
0.0312443	0.0123021
0.0315661	0.0122993
0.0318954	0.0122967
0.0322322	0.0122943
0.0325769	0.012292
0.0329295	0.0122899
0.0332902	0.0122879
0.0336593	0.0122861
0.0340369	0.0122845
0.0344232	0.0122829
0.0348184	0.0122815
0.0352228	0.0122802
0.0356365	0.0122789
0.0360597	0.0122778
0.0364927	0.0122768
0.0369358	0.0122758
0.037389	0.0122749
0.0378527	0.0122741
0.0383271	0.0122734
0.0388125	0.0122727
0.0393091	0.0122721
0.0398171	0.0122715
0.0403369	0.012271
0.0408687	0.0122705
0.0414127	0.0122701
0.0419693	0.0122697
0.0425388	0.0122694
0.0431214	0.0122691
0.0437175	0.0122688
0.0443273	0.0122686
0.0449512	0.0122684
0.0455895	0.0122682
0.0462426	0.012268
0.0469107	0.0122679
0.0475943	0.0122677
0.0482936	0.0122676
0.0490091	0.0122676
0.0497411	0.0122675
0.05049	0.0122674
0.0512562	0.0122674
0.0520401	0.0122673
0.0528421	0.0122673
0.0536627	0.0122673
0.0545021	0.0122673
0.0553609	0.0122673
0.0562396	0.0122673
0.0571386	0.0122673
0.0580583	0.0122673
0.0589992	0.0122674
0.0599619	0.0122674
0.0609468	0.0122674
0.0619545	0.0122675
0.0629854	0.0122675
0.0640401	0.0122675
0.0651192	0.0122676
0.0662231	0.0122676
0.0673526	0.0122676
0.0685082	0.0122677
0.0696904	0.0122677
0.0708999	0.0122678
0.0721374	0.0122678
0.0734034	0.0122678
0.0746987	0.0122679
0.0760238	0.0122679
0.0773796	0.0122679
0.0787667	0.012268
0.0801857	0.012268
0.0816376	0.012268
0.083123	0.012268
0.0846427	0.0122681
0.0861974	0.0122681
0.0877881	0.0122681
0.0894155	0.0122681
0.0910804	0.0122681
0.0927839	0.0122674
0.0945266	0.0122566
0.0963096	0.0121312
0.0981337	0.0108107
0.1	0.00958024
)

((xy/key/label "line-0.10m")
0	0.0129652
0.00124466	0.0129652
0.00241551	0.0129652
0.00351692	0.0129651
0.00455301	0.0129651
0.00552765	0.0129651
0.00644449	0.0129652
0.00730695	0.0129652
0.00811827	0.0129652
0.00888147	0.0129652
0.00959941	0.0129653
0.0102748	0.0129654
0.0109101	0.0129655
0.0115077	0.0129657
0.0120699	0.012966
0.0125987	0.0129663
0.0130962	0.0129667
0.0135642	0.0129674
0.0140044	0.0129685
0.0144185	0.0129727
0.0148081	0.012999
0.0151745	0.013179
0.0155193	0.0144829
0.0158435	0.0242298
0.0161486	0.0761443
0.0164355	0.216375
0.0167055	0.431758
0.0169594	0.673609
0.0171983	0.91751
0.017423	1.15292
0.0176344	1.37425
0.0178332	1.57893
0.0180202	1.76612
0.0181962	1.936
0.0183617	2.0893
0.0185174	2.2271
0.0186639	2.35059
0.0188017	2.46101
0.0189313	2.55959
0.0190532	2.64748
0.0191679	2.72579
0.0192758	2.79551
0.0193773	2.85756
0.0194727	2.91278
0.0195626	2.96191
0.019647	3.00564
0.0197265	3.04455
0.0198013	3.0792
0.0198716	3.11006
0.0199378	3.13754
0.02	3.16204
0.0200622	3.18522
0.0201259	3.20756
0.020191	3.22901
0.0202576	3.24946
0.0203257	3.26885
0.0203955	3.28708
0.0204668	3.30406
0.0205398	3.31969
0.0206145	3.33388
0.0206909	3.34652
0.020769	3.3575
0.020849	3.36673
0.0209308	3.37407
0.0210145	3.37943
0.0211001	3.38267
0.0211878	3.38368
0.0212774	3.38232
0.0213691	3.37848
0.0214629	3.37203
0.0215589	3.36282
0.0216571	3.35072
0.0217576	3.3356
0.0218604	3.31733
0.0219655	3.29576
0.0220731	3.27075
0.0221832	3.24218
0.0222958	3.2099
0.022411	3.17377
0.0225289	3.13368
0.0226495	3.08948
0.0227729	3.04107
0.0228991	2.98831
0.0230283	2.9311
0.0231604	2.86935
0.0232956	2.80295
0.0234339	2.73183
0.0235754	2.65593
0.0237201	2.57519
0.0238682	2.48959
0.0240198	2.39912
0.0241748	2.30378
0.0243334	2.20364
0.0244957	2.09877
0.0246617	1.98933
0.0248315	1.87556
0.0250053	1.75772
0.025183	1.63612
0.0253649	1.51114
0.025551	1.38326
0.0257414	1.25305
0.0259362	1.12124
0.0261354	0.988691
0.0263393	0.85647
0.0265479	0.725886
0.0267613	0.598554
0.0269796	0.476484
0.027203	0.362192
0.0274315	0.258845
0.0276653	0.170351
0.0279045	0.101034
0.0281492	0.0539169
0.0283996	0.0277233
0.0286557	0.0162657
0.0289178	0.0122475
0.0291859	0.0109966
0.0294602	0.0106098
0.0297408	0.0104861
0.030028	0.0104445
0.0303217	0.0104285
0.0306222	0.0104207
0.0309297	0.0104154
0.0312443	0.010411
0.0315661	0.0104071
0.0318954	0.0104035
0.0322322	0.0104001
0.0325769	0.010397
0.0329295	0.010394
0.0332902	0.0103912
0.0336593	0.0103886
0.0340369	0.0103862
0.0344232	0.0103839
0.0348184	0.0103817
0.0352228	0.0103797
0.0356365	0.0103779
0.0360597	0.0103762
0.0364927	0.0103746
0.0369358	0.0103731
0.037389	0.0103717
0.0378527	0.0103704
0.0383271	0.0103692
0.0388125	0.0103682
0.0393091	0.0103672
0.0398171	0.0103662
0.0403369	0.0103654
0.0408687	0.0103646
0.0414127	0.0103639
0.0419693	0.0103633
0.0425388	0.0103627
0.0431214	0.0103622
0.0437175	0.0103618
0.0443273	0.0103614
0.0449512	0.010361
0.0455895	0.0103607
0.0462426	0.0103604
0.0469107	0.0103602
0.0475943	0.01036
0.0482936	0.0103599
0.0490091	0.0103597
0.0497411	0.0103596
0.05049	0.0103595
0.0512562	0.0103595
0.0520401	0.0103595
0.0528421	0.0103595
0.0536627	0.0103595
0.0545021	0.0103595
0.0553609	0.0103595
0.0562396	0.0103596
0.0571386	0.0103597
0.0580583	0.0103598
0.0589992	0.0103598
0.0599619	0.0103599
0.0609468	0.0103601
0.0619545	0.0103602
0.0629854	0.0103603
0.0640401	0.0103604
0.0651192	0.0103605
0.0662231	0.0103606
0.0673526	0.0103608
0.0685082	0.0103609
0.0696904	0.010361
0.0708999	0.0103612
0.0721374	0.0103613
0.0734034	0.0103614
0.0746987	0.0103615
0.0760238	0.0103616
0.0773796	0.0103617
0.0787667	0.0103618
0.0801857	0.0103619
0.0816376	0.010362
0.083123	0.0103621
0.0846427	0.0103622
0.0861974	0.0103623
0.0877881	0.0103623
0.0894155	0.0103623
0.0910805	0.0103616
0.0927839	0.0103555
0.0945266	0.0103091
0.0963096	0.010021
0.0981337	0.0083066
0.1	0.00681064
)

((xy/key/label "line-0.15m")
0	0.0121384
0.00124466	0.0121384
0.00241551	0.0121384
0.00351692	0.0121384
0.00455301	0.0121383
0.00552765	0.0121383
0.00644449	0.0121384
0.00730695	0.0121384
0.00811827	0.0121384
0.00888147	0.0121385
0.00959941	0.0121386
0.0102748	0.0121387
0.0109101	0.0121389
0.0115077	0.0121394
0.0120699	0.0121423
0.0125987	0.0121682
0.0130962	0.0124028
0.0135642	0.014488
0.0140044	0.0300679
0.0144185	0.0987045
0.0148081	0.251942
0.0151745	0.463827
0.0155193	0.693856
0.0158435	0.923804
0.0161486	1.1449
0.0164355	1.35257
0.0167055	1.54473
0.0169594	1.72076
0.0171983	1.88089
0.017423	2.02582
0.0176344	2.15653
0.0178332	2.27412
0.0180202	2.37969
0.0181962	2.47436
0.0183617	2.55918
0.0185174	2.63512
0.0186639	2.7031
0.0188017	2.76394
0.0189313	2.8184
0.0190532	2.86717
0.0191679	2.91084
0.0192758	2.94997
0.0193773	2.98505
0.0194727	3.01652
0.0195626	3.04476
0.019647	3.07013
0.0197265	3.09294
0.0198013	3.11346
0.0198716	3.13194
0.0199378	3.14858
0.02	3.1636
0.0200622	3.17799
0.0201259	3.19206
0.020191	3.20578
0.0202576	3.21912
0.0203257	3.23204
0.0203955	3.24448
0.0204668	3.25643
0.0205398	3.26782
0.0206145	3.27861
0.0206909	3.28875
0.020769	3.29819
0.020849	3.30688
0.0209308	3.31477
0.0210145	3.32179
0.0211001	3.32788
0.0211878	3.33299
0.0212774	3.33704
0.0213691	3.33997
0.0214629	3.34172
0.0215589	3.34221
0.0216571	3.34136
0.0217576	3.3391
0.0218604	3.33535
0.0219655	3.33003
0.0220731	3.32305
0.0221832	3.31434
0.0222958	3.3038
0.022411	3.29135
0.0225289	3.27689
0.0226495	3.26033
0.0227729	3.24158
0.0228991	3.22055
0.0230283	3.19713
0.0231604	3.17123
0.0232956	3.14276
0.0234339	3.11162
0.0235754	3.0777
0.0237201	3.04092
0.0238682	3.00118
0.0240198	2.9584
0.0241748	2.91247
0.0243334	2.86331
0.0244957	2.81084
0.0246617	2.75499
0.0248315	2.69568
0.0250053	2.63284
0.025183	2.56643
0.0253649	2.49638
0.025551	2.42267
0.0257414	2.34527
0.0259362	2.26416
0.0261354	2.17937
0.0263393	2.09091
0.0265479	1.99883
0.0267613	1.90322
0.0269796	1.80424
0.027203	1.70206
0.0274315	1.59686
0.0276653	1.48891
0.0279045	1.3785
0.0281492	1.26598
0.0283996	1.15182
0.0286557	1.03654
0.0289178	0.920803
0.0291859	0.805402
0.0294602	0.691303
0.0297408	0.579687
0.030028	0.472013
0.0303217	0.370085
0.0306222	0.276156
0.0309297	0.193011
0.0312443	0.123897
0.0315661	0.0718634
0.0318954	0.0380834
0.0322322	0.0201218
0.0325769	0.0125638
0.0329295	0.0100175
0.0332902	0.00927159
0.0336593	0.00906304
0.0340369	0.00900468
0.0344232	0.00898733
0.0348184	0.00898097
0.0352228	0.00897755
0.0356365	0.00897499
0.0360597	0.00897273
0.0364927	0.00897066
0.0369358	0.00896871
0.037389	0.0089669
0.0378527	0.0089652
0.0383271	0.00896361
0.0388125	0.00896213
0.0393091	0.00896076
0.0398171	0.00895948
0.0403369	0.00895829
0.0408687	0.0089572
0.0414127	0.00895619
0.0419693	0.00895526
0.0425388	0.00895441
0.0431214	0.00895363
0.0437175	0.00895292
0.0443273	0.00895228
0.0449512	0.0089517
0.0455895	0.00895118
0.0462426	0.00895071
0.0469107	0.0089503
0.0475943	0.00894994
0.0482936	0.00894962
0.0490091	0.00894935
0.0497411	0.00894911
0.05049	0.00894892
0.0512562	0.00894876
0.0520401	0.00894864
0.0528421	0.00894854
0.0536627	0.00894848
0.0545021	0.00894844
0.0553609	0.00894843
0.0562396	0.00894843
0.0571386	0.00894846
0.0580583	0.00894851
0.0589992	0.00894857
0.0599619	0.00894865
0.0609468	0.00894874
0.0619545	0.00894884
0.0629854	0.00894895
0.0640401	0.00894907
0.0651192	0.0089492
0.0662231	0.00894934
0.0673526	0.00894948
0.0685082	0.00894962
0.0696904	0.00894976
0.0708999	0.0089499
0.0721374	0.00895005
0.0734034	0.00895019
0.0746987	0.00895033
0.0760238	0.00895046
0.0773796	0.0089506
0.0787667	0.00895072
0.0801857	0.00895084
0.0816376	0.00895096
0.083123	0.00895106
0.0846427	0.00895115
0.0861974	0.00895123
0.0877881	0.00895125
0.0894155	0.00895088
0.0910804	0.00894805
0.0927839	0.00893071
0.0945266	0.00884021
0.0963096	0.00843866
0.0981337	0.00665666
0.1	0.00517311
)

((xy/key/label "line-0.20m")
0	0.0114082
0.00124466	0.0114082
0.00241551	0.0114082
0.00351692	0.0114082
0.00455301	0.0114082
0.00552765	0.0114082
0.00644449	0.0114082
0.00730695	0.0114082
0.00811827	0.0114083
0.00888147	0.0114085
0.00959941	0.01141
0.0102748	0.0114285
0.0109101	0.0116394
0.0115077	0.0138439
0.0120699	0.0310304
0.0125987	0.103423
0.0130962	0.258651
0.0135642	0.469044
0.0140044	0.696258
0.0144185	0.922927
0.0148081	1.14061
0.0151745	1.34492
0.0155193	1.53389
0.0158435	1.70695
0.0161486	1.86437
0.0164355	2.00687
0.0167055	2.13542
0.0169594	2.2511
0.0171983	2.35502
0.017423	2.44826
0.0176344	2.53185
0.0178332	2.60676
0.0180202	2.67388
0.0181962	2.73401
0.0183617	2.7879
0.0185174	2.8362
0.0186639	2.87952
0.0188017	2.91838
0.0189313	2.95327
0.0190532	2.98461
0.0191679	3.01279
0.0192758	3.03814
0.0193773	3.06097
0.0194728	3.08154
0.0195626	3.1001
0.019647	3.11686
0.0197265	3.132
0.0198013	3.14569
0.0198716	3.15809
0.0199378	3.16933
0.02	3.17953
0.0200622	3.18935
0.0201259	3.19903
0.020191	3.20854
0.0202576	3.21786
0.0203257	3.22697
0.0203955	3.23584
0.0204668	3.24445
0.0205398	3.25278
0.0206145	3.2608
0.0206909	3.26848
0.020769	3.27578
0.020849	3.28269
0.0209308	3.28917
0.0210145	3.29518
0.0211001	3.30069
0.0211878	3.30566
0.0212774	3.31006
0.0213691	3.31384
0.0214629	3.31696
0.0215589	3.31938
0.0216571	3.32105
0.0217576	3.32193
0.0218604	3.32196
0.0219655	3.3211
0.0220731	3.3193
0.0221832	3.3165
0.0222958	3.31264
0.022411	3.30767
0.0225289	3.30153
0.0226495	3.29415
0.0227729	3.28547
0.0228991	3.27543
0.0230283	3.26397
0.0231604	3.251
0.0232956	3.23647
0.0234339	3.2203
0.0235754	3.20243
0.0237201	3.18276
0.0238682	3.16124
0.0240198	3.13779
0.0241748	3.11232
0.0243334	3.08476
0.0244957	3.05504
0.0246617	3.02308
0.0248315	2.98879
0.0250053	2.95211
0.025183	2.91295
0.0253649	2.87125
0.025551	2.82692
0.0257414	2.7799
0.0259362	2.73013
0.0261354	2.67753
0.0263393	2.62205
0.0265479	2.56363
0.0267613	2.50222
0.0269796	2.43778
0.027203	2.37027
0.0274315	2.29967
0.0276653	2.22596
0.0279045	2.14914
0.0281492	2.06922
0.0283996	1.98622
0.0286557	1.90019
0.0289178	1.81121
0.0291859	1.71938
0.0294602	1.62487
0.0297408	1.52783
0.030028	1.42847
0.0303217	1.32703
0.0306222	1.22379
0.0309297	1.11913
0.0312443	1.01347
0.0315661	0.907328
0.0318954	0.801328
0.0322322	0.69623
0.0325769	0.59295
0.0329295	0.492613
0.0332902	0.396599
0.0336593	0.306618
0.0340369	0.224794
0.0344232	0.153706
0.0348184	0.0961893
0.0352228	0.054457
0.0356365	0.0285476
0.0360597	0.0154141
0.0364927	0.010155
0.0369358	0.00848489
0.037389	0.0080338
0.0378527	0.00792048
0.0383271	0.00789214
0.0388125	0.00788424
0.0393091	0.00788114
0.0398171	0.00787921
0.0403369	0.0078776
0.0408687	0.00787615
0.0414127	0.0078748
0.0419693	0.00787355
0.0425388	0.00787238
0.0431214	0.0078713
0.0437175	0.0078703
0.0443273	0.00786938
0.0449512	0.00786853
0.0455895	0.00786776
0.0462426	0.00786704
0.0469107	0.0078664
0.0475943	0.00786581
0.0482936	0.00786528
0.0490091	0.00786481
0.0497411	0.00786439
0.05049	0.00786401
0.0512562	0.00786369
0.0520401	0.0078634
0.0528421	0.00786316
0.0536627	0.00786295
0.0545021	0.00786278
0.0553609	0.00786265
0.0562396	0.00786254
0.0571386	0.00786246
0.0580583	0.00786241
0.0589992	0.00786238
0.0599619	0.00786238
0.0609468	0.00786239
0.0619545	0.00786242
0.0629854	0.00786247
0.0640401	0.00786253
0.0651192	0.00786261
0.0662231	0.00786269
0.0673526	0.00786279
0.0685082	0.00786289
0.0696904	0.007863
0.0708999	0.00786311
0.0721374	0.00786323
0.0734034	0.00786335
0.0746987	0.00786346
0.0760238	0.00786358
0.0773796	0.00786369
0.0787667	0.00786381
0.0801857	0.00786391
0.0816376	0.00786401
0.083123	0.0078641
0.0846427	0.00786418
0.0861974	0.00786422
0.0877881	0.00786404
0.0894155	0.00786275
0.0910805	0.00785587
0.0927839	0.00782373
0.0945266	0.00769255
0.0963096	0.00722452
0.0981337	0.00549868
0.1	0.00411115
)

((xy/key/label "line-0.25m")
0.0281492	2.48965
0.0283996	2.43062
0.0286557	2.36891
0.0289178	2.30451
0.0291859	2.23738
0.0294602	2.16751
0.0297408	2.09489
0.030028	2.01954
0.0303217	1.94147
0.0306222	1.86072
0.0309297	1.77733
0.0312443	1.6914
0	0.0107586
0.00124466	0.0107586
0.00241551	0.0107585
0.00351692	0.0107585
0.00455301	0.0107585
0.00552765	0.0107586
0.00644449	0.0107587
0.00730695	0.0107605
0.00811827	0.010788
0.00888147	0.01116
0.00959941	0.015381
0.0102748	0.0454833
0.0109101	0.147147
0.0115077	0.328749
0.0120699	0.55006
0.0125987	0.779992
0.0130962	1.00543
0.0135642	1.21956
0.0140044	1.41903
0.0144185	1.60251
0.0148081	1.76985
0.0151745	1.92155
0.0155193	2.05852
0.0158435	2.1818
0.0161486	2.29253
0.0164355	2.39185
0.0167055	2.48084
0.0169594	2.56053
0.0171983	2.63187
0.017423	2.69574
0.0176344	2.75291
0.0178332	2.80411
0.0180202	2.84997
0.0181962	2.89108
0.0183617	2.92795
0.0185174	2.96103
0.0186639	2.99074
0.0188017	3.01744
0.0189313	3.04146
0.0190532	3.06308
0.0191679	3.08256
0.0192758	3.10013
0.0193773	3.11599
0.0194727	3.13032
0.0195626	3.14328
0.019647	3.15501
0.0197265	3.16564
0.0198013	3.17529
0.0198716	3.18405
0.0199378	3.19201
0.02	3.19925
0.0200622	3.20626
0.0201259	3.21318
0.020191	3.22001
0.0202576	3.22672
0.0203257	3.23332
0.0203955	3.23977
0.0204668	3.24608
0.0205398	3.25221
0.0206145	3.25816
0.0206909	3.26391
0.020769	3.26943
0.020849	3.2747
0.0209308	3.27972
0.0210145	3.28444
0.0211001	3.28886
0.0211878	3.29294
0.0212774	3.29667
0.0213691	3.30001
0.0214629	3.30294
0.0215589	3.30542
0.0216571	3.30744
0.0217576	3.30895
0.0218604	3.30993
0.0219655	3.31034
0.0220731	3.31015
0.0221832	3.30931
0.0222958	3.3078
0.022411	3.30557
0.0225289	3.30258
0.0226495	3.29878
0.0227729	3.29414
0.0228991	3.28861
0.0230283	3.28215
0.0231604	3.27469
0.0232956	3.2662
0.0234339	3.25662
0.0235754	3.2459
0.0237201	3.23398
0.0238682	3.22082
0.0240198	3.20634
0.0241748	3.1905
0.0243334	3.17323
0.0244957	3.15447
0.0246617	3.13417
0.0248315	3.11225
0.0250053	3.08866
0.025183	3.06332
0.0253649	3.03618
0.025551	3.00717
0.0257414	2.97622
0.0259362	2.94327
0.0261354	2.90825
0.0263393	2.8711
0.0265479	2.83174
0.0267613	2.79013
0.0269796	2.74619
0.027203	2.69987
0.0274315	2.6511
0.0276653	2.59985
0.0279045	2.54604
0.0281492	2.48965
0.0315661	1.60304
0.0312443	1.6914
0.0318954	1.51241
0.0322322	1.41966
0.0325769	1.32498
0.0329295	1.2286
0.0332902	1.13082
0.0336593	1.03197
0.0340369	0.932466
0.0344232	0.832785
0.0348184	0.733523
0.0352228	0.635388
0.0356365	0.539241
0.0360597	0.44613
0.0364927	0.357346
0.0369358	0.274482
0.037389	0.19951
0.0378527	0.134808
0.0383271	0.0829528
0.0388125	0.0458978
0.0393091	0.0234882
0.0398171	0.0126224
0.0403369	0.00856283
0.0408687	0.00738577
0.0414127	0.00709852
0.0419693	0.00703362
0.0425388	0.00701878
0.0431214	0.00701466
0.0437175	0.00701282
0.0443273	0.00701149
0.0449512	0.00701034
0.0455895	0.00700928
0.0462426	0.0070083
0.0469107	0.0070074
0.0475943	0.00700656
0.0482936	0.0070058
0.0490091	0.00700509
0.0497411	0.00700445
0.05049	0.00700387
0.0512562	0.00700334
0.0520401	0.00700287
0.0528421	0.00700244
0.0536627	0.00700206
0.0545021	0.00700173
0.0553609	0.00700143
0.0562396	0.00700118
0.0571386	0.00700096
0.0580583	0.00700077
0.0589992	0.00700062
0.0599619	0.0070005
0.0609468	0.0070004
0.0619545	0.00700033
0.0629854	0.00700028
0.0640401	0.00700025
0.0651192	0.00700024
0.0662231	0.00700024
0.0673526	0.00700026
0.0685082	0.00700029
0.0696904	0.00700034
0.0708999	0.00700039
0.0721374	0.00700045
0.0734034	0.00700051
0.0746987	0.00700058
0.0760238	0.00700065
0.0773796	0.00700073
0.0787667	0.0070008
0.0801857	0.00700087
0.0816376	0.00700094
0.083123	0.00700099
0.0846427	0.00700102
0.0861974	0.00700094
0.0877881	0.00700033
0.0894155	0.0069974
0.0910805	0.00698489
0.0927839	0.00693684
0.0945266	0.00677267
0.0963096	0.00627111
0.0981337	0.00464692
0.1	0.0033758
)

((xy/key/label "line-0.30m")
0.0189313	3.10503
0.0190532	3.12046
0.0191679	3.13439
0.0192758	3.14696
0.0269796	2.90868
0.0267613	2.94035
0.027203	2.87517
0.0274315	2.83977
0.0276653	2.80242
0.0279045	2.76307
0.0281492	2.72166
0.0283996	2.67813
0.0286557	2.63244
0.0289178	2.58454
0.0291859	2.53436
0.0294602	2.48188
0.0297408	2.42705
0.030028	2.36983
0.0303217	2.3102
0.0306222	2.24812
0.0309297	2.18357
0.0312443	2.11654
0.0315661	2.04703
0.0318954	1.97504
0.0322322	1.90059
0	0.0101769
0.00124466	0.0101768
0.00241551	0.0101768
0.00351692	0.0101769
0.00455301	0.0101776
0.00552765	0.0101911
0.00644449	0.0104093
0.00730695	0.0133608
0.00811827	0.0380311
0.00888147	0.131634
0.00959941	0.309946
0.0102748	0.533568
0.0109101	0.767538
0.0115077	0.997278
0.0120699	1.21543
0.0125987	1.41841
0.0130962	1.60482
0.0135642	1.77451
0.0140044	1.92806
0.0144185	2.06642
0.0148081	2.19071
0.0151745	2.30214
0.0155193	2.40188
0.0158435	2.49109
0.0161486	2.57083
0.0164355	2.64207
0.0167055	2.70574
0.0169594	2.76262
0.0171983	2.81347
0.017423	2.85895
0.0176344	2.89963
0.0178332	2.93604
0.0180202	2.96867
0.0181962	2.99791
0.0183617	3.02414
0.0185174	3.04769
0.0186639	3.06886
0.0188017	3.08789
0.0189313	3.10503
0.0193773	3.15832
0.0192758	3.14696
0.0194727	3.16859
0.0195626	3.17789
0.019647	3.18633
0.0197265	3.19398
0.0198013	3.20093
0.0198716	3.20725
0.0199378	3.213
0.02	3.21824
0.0200622	3.22331
0.0201259	3.22833
0.020191	3.23329
0.0202576	3.23817
0.0203257	3.24298
0.0203955	3.2477
0.0204668	3.25231
0.0205398	3.25681
0.0206145	3.26119
0.0206909	3.26543
0.020769	3.26952
0.020849	3.27345
0.0209308	3.2772
0.0210145	3.28075
0.0211001	3.2841
0.0211878	3.28721
0.0212774	3.29009
0.0213691	3.2927
0.0214629	3.29503
0.0215589	3.29706
0.0216571	3.29876
0.0217576	3.30012
0.0218604	3.30111
0.0219655	3.30171
0.0220731	3.30189
0.0221832	3.30162
0.0222958	3.30088
0.022411	3.29965
0.0225289	3.29788
0.0226495	3.29556
0.0227729	3.29264
0.0228991	3.2891
0.0230283	3.2849
0.0231604	3.28001
0.0232956	3.27438
0.0234339	3.26798
0.0235754	3.26078
0.0237201	3.25272
0.0238682	3.24377
0.0240198	3.23389
0.0241748	3.22303
0.0243334	3.21114
0.0244957	3.19818
0.0246617	3.1841
0.0248315	3.16885
0.0250053	3.15238
0.025183	3.13464
0.0253649	3.11557
0.025551	3.09512
0.0257414	3.07324
0.0259362	3.04987
0.0261354	3.02495
0.0263393	2.99843
0.0265479	2.97025
0.0267613	2.94035
0.0325769	1.82371
0.0322322	1.90059
0.0329295	1.74444
0.0332902	1.66284
0.0336593	1.57901
0.0340369	1.49307
0.0344232	1.40518
0.0348184	1.3155
0.0352228	1.22422
0.0356365	1.13159
0.0360597	1.03788
0.0364927	0.943436
0.0369358	0.84867
0.037389	0.754068
0.0378527	0.660216
0.0383271	0.567819
0.0388125	0.477734
0.0393091	0.391005
0.0398171	0.308917
0.0403369	0.233057
0.0408687	0.165377
0.0414127	0.108187
0.0419693	0.0638414
0.0425388	0.0337511
0.0431214	0.0168847
0.0437175	0.00950913
0.0443273	0.0070903
0.0449512	0.00647742
0.0455895	0.00634487
0.0462426	0.00631768
0.0469107	0.00631161
0.0475943	0.00630961
0.0482936	0.00630843
0.0490091	0.00630746
0.0497411	0.00630658
0.05049	0.00630577
0.0512562	0.00630502
0.0520401	0.00630434
0.0528421	0.00630371
0.0536627	0.00630314
0.0545021	0.00630262
0.0553609	0.00630215
0.0562396	0.00630173
0.0571386	0.00630135
0.0580583	0.00630101
0.0589992	0.00630071
0.0599619	0.00630045
0.0609468	0.00630022
0.0619545	0.00630003
0.0629854	0.00629986
0.0640401	0.00629972
0.0651192	0.0062996
0.0662231	0.00629951
0.0673526	0.00629943
0.0685082	0.00629938
0.0696904	0.00629934
0.0708999	0.00629931
0.0721374	0.0062993
0.0734034	0.00629929
0.0746987	0.0062993
0.0760238	0.00629931
0.0773796	0.00629933
0.0787667	0.00629935
0.0801857	0.00629937
0.0816376	0.00629939
0.083123	0.00629939
0.0846427	0.00629933
0.0861974	0.00629901
0.0877881	0.00629765
0.0894155	0.00629235
0.0910805	0.00627318
0.0927839	0.0062098
0.0945266	0.00602084
0.0963096	0.00550713
0.0981337	0.00399771
0.1	0.00284152
)

((xy/key/label "line-0.35m")
0	0.00965311
0.00124466	0.0096533
0.00241551	0.00965699
0.00351692	0.00972613
0.00455301	0.0108379
0.00552765	0.0225778
0.00644449	0.0834702
0.00730695	0.232561
0.00811827	0.448907
0.00888147	0.686994
0.00959941	0.924603
0.0102748	1.15197
0.0109101	1.36425
0.0115077	1.55943
0.0120699	1.73709
0.0125987	1.89769
0.0130962	2.0422
0.0135642	2.17181
0.0140044	2.28776
0.0144185	2.39135
0.0148081	2.48379
0.0151745	2.56622
0.0155193	2.63971
0.0158435	2.7052
0.0161486	2.76359
0.0164355	2.81564
0.0167055	2.86207
0.0169594	2.9035
0.0171983	2.94049
0.017423	2.97353
0.0176344	3.00307
0.0178332	3.02949
0.0180202	3.05314
0.0181962	3.07434
0.0183617	3.09334
0.0185174	3.1104
0.0186639	3.12572
0.0188017	3.1395
0.0189313	3.1519
0.0190532	3.16307
0.0191679	3.17314
0.0192758	3.18223
0.0193773	3.19044
0.0194727	3.19787
0.0195626	3.2046
0.019647	3.21069
0.0197265	3.21622
0.0198013	3.22124
0.0198716	3.22581
0.0199378	3.22996
0.02	3.23375
0.0200622	3.23741
0.0201259	3.24103
0.020191	3.24461
0.0202576	3.24814
0.0203257	3.25161
0.0203955	3.25501
0.0204668	3.25834
0.0205398	3.26159
0.0206145	3.26474
0.0206909	3.2678
0.020769	3.27074
0.020849	3.27357
0.0209308	3.27626
0.0210145	3.27882
0.0211001	3.28122
0.0211878	3.28345
0.0212774	3.28551
0.0213691	3.28737
0.0214629	3.28903
0.0215589	3.29047
0.0216571	3.29167
0.0217576	3.29261
0.0218604	3.29329
0.0219655	3.29368
0.0220731	3.29376
0.0221832	3.29351
0.0222958	3.29292
0.022411	3.29196
0.0225289	3.29061
0.0226495	3.28884
0.0227729	3.28664
0.0228991	3.28398
0.0230283	3.28083
0.0231604	3.27716
0.0232956	3.27296
0.0234339	3.26818
0.0235754	3.26279
0.0237201	3.25678
0.0238682	3.2501
0.0240198	3.24272
0.0241748	3.23461
0.0243334	3.22573
0.0244957	3.21605
0.0246617	3.20552
0.0248315	3.19411
0.0250053	3.18177
0.025183	3.16848
0.0253649	3.15417
0.025551	3.13882
0.0257414	3.12237
0.0259362	3.10479
0.0261354	3.08602
0.0263393	3.06601
0.0265479	3.04472
0.0267613	3.0221
0.0269796	2.9981
0.027203	2.97267
0.0274315	2.94576
0.0276653	2.91731
0.0279045	2.88728
0.0281492	2.85561
0.0283996	2.82225
0.0286557	2.78715
0.0289178	2.75025
0.0291859	2.71152
0.0294602	2.67089
0.0297408	2.62832
0.030028	2.58376
0.0303217	2.53717
0.0306222	2.48849
0.0309297	2.43771
0.0312443	2.38476
0.0315661	2.32963
0.0318954	2.27228
0.0322322	2.21268
0.0325769	2.15082
0.0329295	2.08668
0.0332902	2.02026
0.0336593	1.95156
0.0340369	1.88059
0.0344232	1.80737
0.0348184	1.73193
0.0352228	1.65433
0.0356365	1.57464
0.0360597	1.49295
0.0364927	1.4094
0.0369358	1.32412
0.037389	1.23729
0.0378527	1.1491
0.0383271	1.05979
0.0388125	0.969643
0.0393091	0.878997
0.0398171	0.788255
0.0403369	0.697896
0.0408687	0.608499
0.0414127	0.520759
0.0419693	0.435519
0.0425388	0.353808
0.0431214	0.276892
0.0437175	0.206334
0.0443273	0.144057
0.0449512	0.0923123
0.0455895	0.0532652
0.0462426	0.0277606
0.0469107	0.0140604
0.0475943	0.00825666
0.0482936	0.00634972
0.0490091	0.00585754
0.0497411	0.00575281
0.05049	0.00573246
0.0512562	0.0057281
0.0520401	0.00572663
0.0528421	0.00572569
0.0536627	0.00572491
0.0545021	0.00572419
0.0553609	0.00572353
0.0562396	0.00572293
0.0571386	0.00572238
0.0580583	0.00572188
0.0589992	0.00572142
0.0599619	0.00572101
0.0609468	0.00572064
0.0619545	0.0057203
0.0629854	0.00572
0.0640401	0.00571974
0.0651192	0.00571951
0.0662231	0.0057193
0.0673526	0.00571912
0.0685082	0.00571897
0.0696904	0.00571883
0.0708999	0.00571872
0.0721374	0.00571862
0.0734034	0.00571854
0.0746987	0.00571847
0.0760238	0.00571841
0.0773796	0.00571836
0.0787667	0.00571832
0.0801857	0.00571828
0.0816376	0.00571823
0.083123	0.00571816
0.0846427	0.00571794
0.0861974	0.00571724
0.0877881	0.00571478
0.0894155	0.00570649
0.0910805	0.00568015
0.0927839	0.00560299
0.0945266	0.00539649
0.0963096	0.00488407
0.0981337	0.00348866
0.1	0.00243854
)

((xy/key/label "line-0.40m")
0	0.00920772
0.00124466	0.00938429
0.00241551	0.0122149
0.00351692	0.0377514
0.00455301	0.135793
0.00552765	0.323929
0.00644449	0.560306
0.00730695	0.805984
0.00811827	1.04501
0.00888147	1.27003
0.00959941	1.47776
0.0102748	1.66717
0.0109101	1.83844
0.0115077	1.99246
0.0120699	2.13041
0.0125987	2.25365
0.0130962	2.36352
0.0135642	2.46136
0.0140044	2.54839
0.0144185	2.62579
0.0148081	2.69459
0.0151745	2.75575
0.0155193	2.81012
0.0158435	2.85846
0.0161486	2.90147
0.0164355	2.93975
0.0167055	2.97382
0.0169594	3.00419
0.0171983	3.03125
0.017423	3.05539
0.0176344	3.07695
0.0178332	3.0962
0.0180202	3.11342
0.0181962	3.12882
0.0183617	3.14262
0.0185174	3.15498
0.0186639	3.16607
0.0188017	3.17603
0.0189313	3.18498
0.0190532	3.19304
0.0191679	3.20029
0.0192758	3.20682
0.0193773	3.21272
0.0194728	3.21804
0.0195626	3.22285
0.019647	3.22721
0.0197265	3.23115
0.0198013	3.23473
0.0198716	3.23798
0.0199378	3.24092
0.02	3.24361
0.0200622	3.2462
0.0201259	3.24876
0.020191	3.25128
0.0202576	3.25376
0.0203257	3.2562
0.0203955	3.25858
0.0204668	3.2609
0.0205398	3.26316
0.0206145	3.26534
0.0206909	3.26745
0.020769	3.26947
0.020849	3.2714
0.0209308	3.27323
0.0210145	3.27495
0.0211001	3.27654
0.0211878	3.27801
0.0212774	3.27934
0.0213691	3.28053
0.0214629	3.28155
0.0215589	3.2824
0.0216571	3.28307
0.0217576	3.28354
0.0218604	3.28381
0.0219655	3.28385
0.0220731	3.28366
0.0221832	3.28321
0.0222958	3.2825
0.022411	3.28151
0.0225289	3.28021
0.0226495	3.2786
0.0227729	3.27665
0.0228991	3.27435
0.0230283	3.27167
0.0231604	3.26859
0.0232956	3.2651
0.0234339	3.26116
0.0235754	3.25676
0.0237201	3.25187
0.0238682	3.24646
0.0240198	3.24052
0.0241748	3.23401
0.0243334	3.2269
0.0244957	3.21917
0.0246617	3.21078
0.0248315	3.20171
0.0250053	3.19192
0.025183	3.18138
0.0253649	3.17005
0.025551	3.1579
0.0257414	3.1449
0.0259362	3.131
0.0261354	3.11617
0.0263393	3.10036
0.0265479	3.08355
0.0267613	3.06568
0.0269796	3.04672
0.027203	3.02662
0.0274315	3.00534
0.0276653	2.98283
0.0279045	2.95906
0.0281492	2.93396
0.0283996	2.90751
0.0286557	2.87964
0.0289178	2.85032
0.0291859	2.81949
0.0294602	2.78711
0.0297408	2.75314
0.030028	2.71752
0.0303217	2.68021
0.0306222	2.64116
0.0309297	2.60033
0.0312443	2.55767
0.0315661	2.51314
0.0318954	2.4667
0.0322322	2.41832
0.0325769	2.36795
0.0329295	2.31556
0.0332902	2.26113
0.0336593	2.20462
0.0340369	2.14602
0.0344232	2.08531
0.0348184	2.02247
0.0352228	1.95752
0.0356365	1.89044
0.0360597	1.82126
0.0364927	1.74999
0.0369358	1.67668
0.037389	1.60136
0.0378527	1.5241
0.0383271	1.44499
0.0388125	1.36416
0.0393091	1.28173
0.0398171	1.19789
0.0403369	1.11281
0.0408687	1.02672
0.0414127	0.939872
0.0419693	0.852593
0.0425388	0.765256
0.0431214	0.678308
0.0437175	0.592287
0.0443273	0.507838
0.0449512	0.42574
0.0455895	0.346947
0.0462426	0.272624
0.0469107	0.204214
0.0475943	0.143487
0.0482936	0.0925285
0.0490091	0.053444
0.0497411	0.0274241
0.05049	0.0133056
0.0512562	0.00745991
0.0520401	0.00571189
0.0528421	0.00532424
0.0536627	0.00525248
0.0545021	0.00523971
0.0553609	0.00523695
0.0562396	0.00523587
0.0571386	0.00523509
0.0580583	0.00523441
0.0589992	0.00523379
0.0599619	0.00523322
0.0609468	0.00523269
0.0619545	0.00523222
0.0629854	0.00523178
0.0640401	0.00523138
0.0651192	0.00523102
0.0662231	0.0052307
0.0673526	0.00523041
0.0685082	0.00523014
0.0696904	0.00522991
0.0708999	0.0052297
0.0721374	0.00522951
0.0734034	0.00522934
0.0746987	0.00522919
0.0760238	0.00522905
0.0773796	0.00522893
0.0787667	0.00522882
0.0801857	0.00522871
0.0816376	0.00522859
0.083123	0.00522839
0.0846427	0.00522795
0.0861974	0.00522668
0.0877881	0.00522277
0.0894155	0.00521102
0.0910804	0.00517746
0.0927839	0.00508846
0.0945266	0.0048703
0.0963096	0.00436732
0.0981337	0.00307955
0.1	0.00212484
)

((xy/key/label "line-0.45m")
0	0.0499182
0.00124466	0.0896657
0.00241551	0.219095
0.00351692	0.427827
0.00455301	0.67106
0.00552765	0.91695
0.00644449	1.15265
0.00730695	1.37248
0.00811827	1.57415
0.00888147	1.75716
0.00959941	1.92203
0.0102748	2.06983
0.0109101	2.20185
0.0115077	2.31947
0.0120699	2.42408
0.0125987	2.517
0.0130962	2.59946
0.0135642	2.67261
0.0140044	2.73748
0.0144185	2.795
0.0148081	2.84599
0.0151745	2.89122
0.0155193	2.93134
0.0158435	2.96694
0.0161486	2.99854
0.0164355	3.02661
0.0167055	3.05155
0.0169594	3.07373
0.0171983	3.09346
0.017423	3.11102
0.0176344	3.12666
0.0178332	3.1406
0.0180202	3.15304
0.0181962	3.16414
0.0183617	3.17406
0.0185174	3.18292
0.0186639	3.19086
0.0188017	3.19796
0.0189313	3.20433
0.0190532	3.21004
0.0191679	3.21516
0.0192758	3.21977
0.0193773	3.22391
0.0194727	3.22764
0.0195626	3.231
0.019647	3.23403
0.0197265	3.23676
0.0198013	3.23923
0.0198716	3.24147
0.0199378	3.24349
0.02	3.24532
0.0200622	3.24709
0.0201259	3.24882
0.020191	3.25053
0.0202576	3.25219
0.0203257	3.25382
0.0203955	3.2554
0.0204668	3.25693
0.0205398	3.25841
0.0206145	3.25982
0.0206909	3.26118
0.020769	3.26246
0.020849	3.26366
0.0209308	3.26478
0.0210145	3.26581
0.0211001	3.26674
0.0211878	3.26757
0.0212774	3.26828
0.0213691	3.26888
0.0214629	3.26935
0.0215589	3.26968
0.0216571	3.26986
0.0217576	3.26989
0.0218604	3.26974
0.0219655	3.26943
0.0220731	3.26892
0.0221832	3.26821
0.0222958	3.26729
0.022411	3.26614
0.0225289	3.26475
0.0226495	3.26311
0.0227729	3.26121
0.0228991	3.25901
0.0230283	3.25652
0.0231604	3.25372
0.0232956	3.25058
0.0234339	3.24709
0.0235754	3.24323
0.0237201	3.23898
0.0238682	3.23433
0.0240198	3.22924
0.0241748	3.2237
0.0243334	3.21769
0.0244957	3.21118
0.0246617	3.20415
0.0248315	3.19657
0.0250053	3.18842
0.025183	3.17966
0.0253649	3.17028
0.025551	3.16024
0.0257414	3.14952
0.0259362	3.13808
0.0261354	3.12589
0.0263393	3.11292
0.0265479	3.09913
0.0267613	3.0845
0.0269796	3.06898
0.027203	3.05254
0.0274315	3.03514
0.0276653	3.01675
0.0279045	2.99733
0.0281492	2.97684
0.0283996	2.95523
0.0286557	2.93246
0.0289178	2.9085
0.0291859	2.88331
0.0294602	2.85683
0.0297408	2.82903
0.030028	2.79986
0.0303217	2.76928
0.0306222	2.73725
0.0309297	2.70373
0.0312443	2.66866
0.0315661	2.632
0.0318954	2.59372
0.0322322	2.55378
0.0325769	2.51212
0.0329295	2.46872
0.0332902	2.42353
0.0336593	2.37652
0.0340369	2.32765
0.0344232	2.2769
0.0348184	2.22423
0.0352228	2.16963
0.0356365	2.11306
0.0360597	2.05452
0.0364927	1.99399
0.0369358	1.93147
0.037389	1.86696
0.0378527	1.80047
0.0383271	1.73202
0.0388125	1.66163
0.0393091	1.58936
0.0398171	1.51524
0.0403369	1.43936
0.0408687	1.36181
0.0414127	1.2827
0.0419693	1.2022
0.0425388	1.12047
0.0431214	1.03771
0.0437175	0.954141
0.0443273	0.870045
0.0449512	0.785745
0.0455895	0.70163
0.0462426	0.618163
0.0469107	0.5359
0.0475943	0.45551
0.0482936	0.377804
0.0490091	0.303775
0.0497411	0.234641
0.05049	0.171909
0.0512562	0.117406
0.0520401	0.0731701
0.0528421	0.0409128
0.0536627	0.0207633
0.0545021	0.0104959
0.0553609	0.00640885
0.0562396	0.00516689
0.0571386	0.00488162
0.0580583	0.0048291
0.0589992	0.00482006
0.0599619	0.00481809
0.0609468	0.00481722
0.0619545	0.00481657
0.0629854	0.00481599
0.0640401	0.00481545
0.0651192	0.00481496
0.0662231	0.00481451
0.0673526	0.0048141
0.0685082	0.00481372
0.0696904	0.00481338
0.0708999	0.00481306
0.0721374	0.00481278
0.0734034	0.00481252
0.0746987	0.00481228
0.0760238	0.00481206
0.0773796	0.00481186
0.0787667	0.00481167
0.0801857	0.00481148
0.0816376	0.00481126
0.083123	0.00481091
0.0846427	0.00481014
0.0861974	0.0048081
0.0877881	0.00480242
0.0894155	0.00478688
0.0910804	0.00474641
0.0927839	0.0046476
0.0945266	0.00442244
0.0963096	0.00393379
0.0981337	0.00274514
0.1	0.0018752
)
