(title "Axial Velocity")
(labels "Position" "Axial Velocity")

((xy/key/label "line-10m")
0	5.40366
0.00124466	5.40366
0.00241551	5.40366
0.00351692	5.40365
0.00455301	5.40364
0.00552765	5.40363
0.00644449	5.40362
0.00730695	5.40361
0.00811827	5.4036
0.00888147	5.40359
0.00959941	5.40358
0.0102748	5.40357
0.0109101	5.40355
0.0115077	5.40354
0.0120699	5.40353
0.0125987	5.40352
0.0130962	5.40351
0.0135642	5.4035
0.0140044	5.40349
0.0144185	5.40348
0.0148081	5.40347
0.0151745	5.40346
0.0155193	5.40345
0.0158435	5.40344
0.0161486	5.40343
0.0164355	5.40342
0.0167055	5.40341
0.0169594	5.40341
0.0171983	5.4034
0.017423	5.40339
0.0176344	5.40338
0.0178332	5.40338
0.0180202	5.40337
0.0181962	5.40337
0.0183617	5.40336
0.0185174	5.40336
0.0186639	5.40335
0.0188017	5.40335
0.0189313	5.40334
0.0190532	5.40334
0.0191679	5.40334
0.0192758	5.40333
0.0193773	5.40333
0.0194727	5.40332
0.0195626	5.40332
0.019647	5.40332
0.0197265	5.40332
0.0198013	5.40331
0.0198716	5.40331
0.0199378	5.40331
0.02	5.40331
0.0200622	5.4033
0.0201259	5.4033
0.020191	5.4033
0.0202576	5.4033
0.0203257	5.40329
0.0203955	5.40329
0.0204668	5.40329
0.0205398	5.40329
0.0206145	5.40328
0.0206909	5.40328
0.020769	5.40328
0.020849	5.40328
0.0209308	5.40327
0.0210145	5.40327
0.0211001	5.40327
0.0211878	5.40326
0.0212774	5.40326
0.0213691	5.40326
0.0214629	5.40325
0.0215589	5.40325
0.0216571	5.40325
0.0217576	5.40324
0.0218604	5.40324
0.0219655	5.40323
0.0220731	5.40323
0.0221832	5.40323
0.0222958	5.40322
0.022411	5.40322
0.0225289	5.40321
0.0226495	5.40321
0.0227729	5.4032
0.0228991	5.4032
0.0230283	5.40319
0.0231604	5.40319
0.0232956	5.40318
0.0234339	5.40318
0.0235754	5.40317
0.0237201	5.40316
0.0238682	5.40316
0.0240198	5.40315
0.0241748	5.40315
0.0243334	5.40314
0.0244957	5.40313
0.0246617	5.40312
0.0248315	5.40312
0.0250053	5.40311
0.025183	5.4031
0.0253649	5.40309
0.025551	5.40309
0.0257414	5.40308
0.0259362	5.40307
0.0261354	5.40306
0.0263393	5.40305
0.0265479	5.40304
0.0267613	5.40303
0.0269796	5.40302
0.027203	5.40301
0.0274315	5.403
0.0276653	5.40299
0.0279045	5.40298
0.0281492	5.40297
0.0283996	5.40295
0.0286557	5.40294
0.0289178	5.40293
0.0291859	5.40292
0.0294602	5.4029
0.0297408	5.40289
0.030028	5.40287
0.0303217	5.40286
0.0306222	5.40284
0.0309297	5.40283
0.0312443	5.40281
0.0315661	5.40279
0.0318954	5.40277
0.0322322	5.40276
0.0325769	5.40274
0.0329295	5.40272
0.0332902	5.4027
0.0336593	5.40268
0.0340369	5.40266
0.0344232	5.40263
0.0348184	5.40261
0.0352228	5.40259
0.0356365	5.40256
0.0360597	5.40254
0.0364927	5.40251
0.0369358	5.40248
0.037389	5.40246
0.0378527	5.40243
0.0383271	5.4024
0.0388125	5.40237
0.0393091	5.40234
0.0398171	5.4023
0.0403369	5.40227
0.0408687	5.40223
0.0414127	5.4022
0.0419693	5.40216
0.0425388	5.40212
0.0431214	5.40208
0.0437175	5.40204
0.0443273	5.402
0.0449512	5.40195
0.0455895	5.40191
0.0462426	5.40186
0.0469107	5.40181
0.0475943	5.40176
0.0482936	5.40171
0.0490091	5.40165
0.0497411	5.4016
0.05049	5.40154
0.0512562	5.40148
0.0520401	5.40142
0.0528421	5.40135
0.0536627	5.40129
0.0545021	5.40122
0.0553609	5.40115
0.0562396	5.40108
0.0571386	5.401
0.0580583	5.40092
0.0589992	5.40085
0.0599619	5.40076
0.0609468	5.40068
0.0619545	5.40059
0.0629854	5.4005
0.0640401	5.40041
0.0651192	5.40031
0.0662231	5.40021
0.0673526	5.40011
0.0685082	5.40001
0.0696904	5.3999
0.0708999	5.39979
0.0721374	5.39968
0.0734034	5.39956
0.0746987	5.39945
0.0760238	5.39932
0.0773796	5.3992
0.0787667	5.39907
0.0801857	5.39894
0.0816376	5.39881
0.083123	5.39867
0.0846427	5.39854
0.0861974	5.3984
0.0877881	5.39826
0.0894155	5.39811
0.0910805	5.39797
0.0927839	5.39782
0.0945266	5.39768
0.0963096	5.39753
0.0981337	5.39722
0.1	5.39698
)
