(title "Turbulent Dissipation Rate (Epsilon)")
(labels "Position" "Turbulent Dissipation Rate (Epsilon)")

((xy/key/label "axis")
0	0.0143992
0	0.0152674
0	0.0170801
0	0.0191142
0	0.0213971
0	0.0239605
0	0.02684
0	0.0300762
0	0.0337151
0	0.0378089
0	0.042417
0	0.0476069
0	0.0534556
0	0.0600507
0	0.0674922
0	0.0758944
0	0.0853878
0	0.0961218
0	0.108267
0	0.122021
0	0.137607
0	0.155285
0	0.175352
0	0.198149
0	0.22407
0	0.253569
0	0.287169
0	0.325471
0	0.369171
0	0.419071
0	0.476091
0	0.541296
0	0.615906
0	0.701323
0	0.799149
0	0.911213
0	1.03959
0	1.18663
0	1.35495
0	1.54748
0	1.76745
0	2.01836
0	2.30399
0	2.62835
0	2.9956
0	3.41009
0	3.87625
0	4.39863
0	4.98201
0	5.63154
0	6.35305
0	7.15341
0	8.0409
0	9.02552
0	10.1191
0	11.3351
0	12.6883
0	14.1947
0	15.8703
0	17.7317
0	19.7955
0	22.0782
0	24.5956
0	27.3628
0	30.3929
0	33.6961
0	37.2779
0	41.1377
0	45.2659
0	49.6417
0	54.2294
0	58.9744
0	63.7984
0	68.5946
0	73.2217
0	77.4986
0	81.1991
0	84.0485
0	85.7238
0	85.8593
0	84.0626
0	79.9472
0	73.19
0	63.6299
0	51.4273
0	37.3115
0	22.9006
0	10.7851
0	3.40187
0	0.680997
0	0.196717
0	0.153261
0	0.152879
0	0.156499
0	0.160546
0	0.164656
0	0.168782
0	0.172916
0	0.177055
0	0.181194
0	0.185331
0	0.390314
0	0.39003
0	0.389618
0	0.389192
0	0.388752
0	0.388297
0	0.387826
0	0.38734
0	0.386838
0	0.386319
0	0.385783
0	0.385229
0	0.384657
0	0.384066
0	0.383456
0	0.382826
0	0.382175
0	0.381502
0	0.380808
0	0.380091
0	0.379352
0	0.378588
0	0.3778
0	0.376986
0	0.376146
0	0.37528
0	0.374386
0	0.373464
0	0.372513
0	0.371532
0	0.370521
0	0.369478
0	0.368402
0	0.367294
0	0.366151
0	0.364974
0	0.363761
0	0.362512
0	0.361225
0	0.3599
0	0.358536
0	0.357131
0	0.355686
0	0.354198
0	0.352668
0	0.351094
0	0.349476
0	0.347812
0	0.346102
0	0.344345
0	0.34254
0	0.340686
0	0.338782
0	0.336828
0	0.334822
0	0.332765
0	0.330654
0	0.328491
0	0.326273
0	0.324
0	0.321672
0	0.319289
0	0.316849
0	0.314352
0	0.311798
0	0.309186
0	0.306517
0	0.303789
0	0.301004
0	0.29816
0	0.295258
0	0.292298
0	0.289281
0	0.286205
0	0.283073
0	0.279883
0	0.276638
0	0.273337
0	0.269981
0	0.266571
0	0.263109
0	0.259594
0	0.25603
0	0.252416
0	0.248754
0	0.245046
0	0.241294
0	0.2375
0	0.233664
0	0.22979
0	0.22588
0	0.221936
0	0.217959
0	0.213954
0	0.209922
0	0.205866
0	0.20179
0	0.197695
0	0.193585
0	0.189462
0	0.185331
)

((xy/key/label "line-0.00m")
0	0.390314
0.00124466	0.390625
0.00241551	0.390625
0.00351692	0.390625
0.00455301	0.390625
0.00552765	0.390625
0.00644449	0.390625
0.00730695	0.390625
0.00811827	0.390625
0.00888147	0.390625
0.00959941	0.390625
0.0102748	0.390625
0.0109101	0.390625
0.0115077	0.390625
0.0120699	0.390625
0.0125987	0.390625
0.0130962	0.390625
0.0135642	0.390625
0.0140044	0.390625
0.0144185	0.390625
0.0148081	0.390625
0.0151745	0.390625
0.0155193	0.390625
0.0158435	0.390625
0.0161486	0.390625
0.0164355	0.390625
0.0167055	0.390625
0.0169594	0.390625
0.0171983	0.390625
0.017423	0.390625
0.0176344	0.390625
0.0178332	0.390625
0.0180202	0.390625
0.0181962	0.390625
0.0183617	0.390625
0.0185174	0.390625
0.0186639	0.390625
0.0188017	0.390625
0.0189313	0.390625
0.0190532	0.390625
0.0191679	0.390625
0.0192758	0.390625
0.0193773	0.390625
0.0194727	0.390625
0.0195626	0.390625
0.019647	0.390625
0.0197265	0.390625
0.0198013	0.390625
0.0198716	0.390625
0.0199378	0.390625
0.02	0.390625
0.0200622	0.390625
0.0201259	0.390625
0.020191	0.390625
0.0202576	0.390625
0.0203257	0.390625
0.0203955	0.390625
0.0204668	0.390625
0.0205398	0.390625
0.0206145	0.390625
0.0206909	0.390625
0.020769	0.390625
0.020849	0.390625
0.0209308	0.390625
0.0210145	0.390625
0.0211001	0.390625
0.0211878	0.390625
0.0212774	0.390625
0.0213691	0.390625
0.0214629	0.390625
0.0215589	0.390625
0.0216571	0.390625
0.0217576	0.390625
0.0218604	0.390625
0.0219655	0.390625
0.0220731	0.390625
0.0221832	0.390625
0.0222958	0.390625
0.022411	0.390625
0.0225289	0.390625
0.0226495	0.390625
0.0227729	0.390625
0.0228991	0.390625
0.0230283	0.390625
0.0231604	0.390625
0.0232956	0.390625
0.0234339	0.390625
0.0235754	0.390625
0.0237201	0.390625
0.0238682	0.390625
0.0240198	0.390625
0.0241748	0.390625
0.0243334	0.390625
0.0244957	0.390625
0.0246617	0.390625
0.0248315	0.390625
0.0250053	0.390625
0.025183	0.390625
0.0253649	0.390625
0.025551	0.390625
0.0257414	0.390625
0.0259362	0.390625
0.0261354	0.390625
0.0263393	0.390625
0.0265479	0.390625
0.0267613	0.390625
0.0269796	0.390625
0.027203	0.390625
0.0274315	0.390625
0.0276653	0.390625
0.0279045	0.390625
0.0281492	0.390625
0.0283996	0.390625
0.0286557	0.390625
0.0289178	0.390625
0.0291859	0.390625
0.0294602	0.390625
0.0297408	0.390625
0.030028	0.390625
0.0303217	0.390625
0.0306222	0.390625
0.0309297	0.390625
0.0312443	0.390625
0.0315661	0.390625
0.0318954	0.390625
0.0322322	0.390625
0.0325769	0.390625
0.0329295	0.390625
0.0332902	0.390625
0.0336593	0.390625
0.0340369	0.390625
0.0344232	0.390625
0.0348184	0.390625
0.0352228	0.390625
0.0356365	0.390625
0.0360597	0.390625
0.0364927	0.390625
0.0369358	0.390625
0.037389	0.390625
0.0378527	0.390625
0.0383271	0.390625
0.0388125	0.390625
0.0393091	0.390625
0.0398171	0.390625
0.0403369	0.390625
0.0408687	0.390625
0.0414127	0.390625
0.0419693	0.390625
0.0425388	0.390625
0.0431214	0.390625
0.0437175	0.390625
0.0443273	0.390625
0.0449512	0.390625
0.0455895	0.390625
0.0462426	0.390625
0.0469107	0.390625
0.0475943	0.390625
0.0482936	0.390625
0.0490091	0.390625
0.0497411	0.390625
0.05049	0.390625
0.0512562	0.390625
0.0520401	0.390625
0.0528421	0.390625
0.0536627	0.390625
0.0545021	0.390625
0.0553609	0.390625
0.0562396	0.390625
0.0571386	0.390625
0.0580583	0.390625
0.0589992	0.390625
0.0599619	0.390625
0.0609468	0.390625
0.0619545	0.390625
0.0629854	0.390625
0.0640401	0.390625
0.0651192	0.390625
0.0662231	0.390625
0.0673526	0.390625
0.0685082	0.390625
0.0696904	0.390625
0.0708999	0.390625
0.0721374	0.390625
0.0734034	0.390625
0.0746987	0.390625
0.0760238	0.390625
0.0773796	0.390625
0.0787667	0.390625
0.0801857	0.390625
0.0816376	0.390625
0.083123	0.390625
0.0846427	0.390625
0.0861974	0.390625
0.0877881	0.390625
0.0894155	0.390625
0.0910805	0.390625
0.0927839	0.390625
0.0945266	0.390625
0.0963096	0.390625
0.0981337	0.390625
0.1	1.35967
)

((xy/key/label "line-0.05m")
0	0.33795
0.00124466	0.33795
0.00241551	0.33795
0.00351692	0.33795
0.00455301	0.337949
0.00552765	0.337949
0.00644449	0.337949
0.00730695	0.337949
0.00811827	0.337949
0.00888147	0.337949
0.00959941	0.33795
0.0102748	0.337951
0.0109101	0.337953
0.0115077	0.337955
0.0120699	0.337959
0.0125987	0.337964
0.0130962	0.33797
0.0135642	0.337978
0.0140044	0.337989
0.0144185	0.338003
0.0148081	0.338021
0.0151745	0.338044
0.0155193	0.338074
0.0158435	0.338114
0.0161486	0.338171
0.0164355	0.338282
0.0167055	0.338691
0.0169594	0.340931
0.0171983	0.354103
0.017423	0.435962
0.0176344	1.08137
0.0178332	6.48409
0.0180202	36.0844
0.0181962	117.07
0.0183617	246.633
0.0185174	400.561
0.0186639	562.243
0.0188017	721.409
0.0189313	871.819
0.0190532	1010.13
0.0191679	1134.89
0.0192758	1245.82
0.0193773	1343.37
0.0194728	1428.37
0.0195626	1501.88
0.019647	1565.02
0.0197265	1618.93
0.0198013	1664.66
0.0198716	1703.24
0.0199378	1735.57
0.02	1762.48
0.0200622	1785.98
0.0201259	1806.55
0.020191	1823.98
0.0202576	1838.09
0.0203257	1848.69
0.0203955	1855.62
0.0204668	1858.7
0.0205398	1857.78
0.0206145	1852.71
0.0206909	1843.36
0.020769	1829.6
0.020849	1811.35
0.0209308	1788.51
0.0210145	1761.02
0.0211001	1728.84
0.0211878	1691.96
0.0212774	1650.39
0.0213691	1604.17
0.0214629	1553.37
0.0215589	1498.11
0.0216571	1438.52
0.0217576	1374.79
0.0218604	1307.14
0.0219655	1235.84
0.0220731	1161.21
0.0221832	1083.61
0.0222958	1003.46
0.022411	921.263
0.0225289	837.636
0.0226495	753.292
0.0227729	668.962
0.0228991	585.422
0.0230283	503.527
0.0231604	424.218
0.0232956	348.525
0.0234339	277.561
0.0235754	212.524
0.0237201	154.669
0.0238682	105.261
0.0240198	65.4711
0.0241748	36.1104
0.0243334	17.0945
0.0244957	6.8254
0.0246617	2.39466
0.0248315	0.879291
0.0250053	0.443305
0.025183	0.322931
0.0253649	0.287201
0.025551	0.275638
0.0257414	0.271645
0.0259362	0.27013
0.0261354	0.269439
0.0263393	0.269027
0.0265479	0.268718
0.0267613	0.268456
0.0269796	0.26822
0.027203	0.268005
0.0274315	0.267808
0.0276653	0.267626
0.0279045	0.267458
0.0281492	0.267303
0.0283996	0.26716
0.0286557	0.267029
0.0289178	0.266907
0.0291859	0.266795
0.0294602	0.266691
0.0297408	0.266596
0.030028	0.266508
0.0303217	0.266427
0.0306222	0.266352
0.0309297	0.266283
0.0312443	0.26622
0.0315661	0.266161
0.0318954	0.266108
0.0322322	0.266059
0.0325769	0.266014
0.0329295	0.265973
0.0332902	0.265936
0.0336593	0.265901
0.0340369	0.26587
0.0344232	0.265842
0.0348184	0.265816
0.0352228	0.265793
0.0356365	0.265772
0.0360597	0.265754
0.0364927	0.265737
0.0369358	0.265722
0.037389	0.265709
0.0378527	0.265697
0.0383271	0.265687
0.0388125	0.265678
0.0393091	0.265671
0.0398171	0.265664
0.0403369	0.265659
0.0408687	0.265655
0.0414127	0.265651
0.0419693	0.265649
0.0425388	0.265647
0.0431214	0.265646
0.0437175	0.265645
0.0443273	0.265645
0.0449512	0.265646
0.0455895	0.265647
0.0462426	0.265648
0.0469107	0.26565
0.0475943	0.265652
0.0482936	0.265654
0.0490091	0.265657
0.0497411	0.26566
0.05049	0.265663
0.0512562	0.265666
0.0520401	0.265669
0.0528421	0.265673
0.0536627	0.265676
0.0545021	0.26568
0.0553609	0.265684
0.0562396	0.265687
0.0571386	0.265691
0.0580583	0.265694
0.0589992	0.265698
0.0599619	0.265702
0.0609468	0.265705
0.0619545	0.265709
0.0629854	0.265712
0.0640401	0.265715
0.0651192	0.265718
0.0662231	0.265722
0.0673526	0.265725
0.0685082	0.265727
0.0696904	0.26573
0.0708999	0.265733
0.0721374	0.265736
0.0734034	0.265738
0.0746987	0.26574
0.0760238	0.265743
0.0773796	0.265745
0.0787667	0.265747
0.0801857	0.265749
0.0816376	0.26575
0.083123	0.265752
0.0846427	0.265753
0.0861974	0.265755
0.0877881	0.265756
0.0894155	0.265757
0.0910804	0.265759
0.0927839	0.265797
0.0945266	0.266392
0.0963096	0.273592
0.0981337	0.336729
0.1	0.78877
)

((xy/key/label "line-0.10m")
0	0.295364
0.00124466	0.295364
0.00241551	0.295363
0.00351692	0.295363
0.00455301	0.295362
0.00552765	0.295361
0.00644449	0.29536
0.00730695	0.29536
0.00811827	0.295359
0.00888147	0.295359
0.00959941	0.29536
0.0102748	0.295361
0.0109101	0.295363
0.0115077	0.295367
0.0120699	0.295372
0.0125987	0.295379
0.0130962	0.295389
0.0135642	0.295404
0.0140044	0.29544
0.0144185	0.295649
0.0148081	0.297449
0.0151745	0.312951
0.0155193	0.450118
0.0158435	1.69109
0.0161486	9.77351
0.0164355	36.4524
0.0167055	85.1903
0.0169594	147.964
0.0171983	217.126
0.017423	287.81
0.0176344	356.809
0.0178332	422.195
0.0180202	482.912
0.0181962	538.486
0.0183617	588.817
0.0185174	634.037
0.0186639	674.416
0.0188017	710.299
0.0189313	742.067
0.0190532	770.103
0.0191679	794.783
0.0192758	816.463
0.0193773	835.473
0.0194727	852.116
0.0195626	866.666
0.019647	879.37
0.0197265	890.45
0.0198013	900.101
0.0198716	908.499
0.0199378	915.799
0.02	922.136
0.0200622	927.959
0.0201259	933.391
0.020191	938.4
0.0202576	942.958
0.0203257	947.031
0.0203955	950.589
0.0204668	953.598
0.0205398	956.024
0.0206145	957.835
0.0206909	958.994
0.020769	959.466
0.020849	959.217
0.0209308	958.211
0.0210145	956.411
0.0211001	953.783
0.0211878	950.291
0.0212774	945.9
0.0213691	940.576
0.0214629	934.285
0.0215589	926.995
0.0216571	918.675
0.0217576	909.296
0.0218604	898.828
0.0219655	887.248
0.0220731	874.531
0.0221832	860.657
0.0222958	845.61
0.022411	829.375
0.0225289	811.943
0.0226495	793.308
0.0227729	773.47
0.0228991	752.434
0.0230283	730.21
0.0231604	706.816
0.0232956	682.274
0.0234339	656.617
0.0235754	629.884
0.0237201	602.123
0.0238682	573.392
0.0240198	543.759
0.0241748	513.302
0.0243334	482.111
0.0244957	450.293
0.0246617	417.98
0.0248315	385.33
0.0250053	352.505
0.025183	319.676
0.0253649	287.034
0.025551	254.789
0.0257414	223.174
0.0259362	192.443
0.0261354	162.878
0.0263393	134.785
0.0265479	108.495
0.0267613	84.364
0.0269796	62.7676
0.027203	44.0869
0.0274315	28.6834
0.0276653	16.8411
0.0279045	8.64527
0.0281492	3.78506
0.0283996	1.44432
0.0286557	0.559665
0.0289178	0.291573
0.0291859	0.21945
0.0294602	0.200275
0.0297408	0.195072
0.030028	0.193626
0.0303217	0.193189
0.0306222	0.19302
0.0309297	0.192923
0.0312443	0.192848
0.0315661	0.192783
0.0318954	0.192722
0.0322322	0.192667
0.0325769	0.192616
0.0329295	0.192568
0.0332902	0.192524
0.0336593	0.192484
0.0340369	0.192447
0.0344232	0.192414
0.0348184	0.192383
0.0352228	0.192355
0.0356365	0.19233
0.0360597	0.192307
0.0364927	0.192286
0.0369358	0.192268
0.037389	0.192252
0.0378527	0.192238
0.0383271	0.192225
0.0388125	0.192215
0.0393091	0.192206
0.0398171	0.192198
0.0403369	0.192192
0.0408687	0.192188
0.0414127	0.192184
0.0419693	0.192182
0.0425388	0.192181
0.0431214	0.19218
0.0437175	0.192181
0.0443273	0.192183
0.0449512	0.192185
0.0455895	0.192188
0.0462426	0.192192
0.0469107	0.192196
0.0475943	0.192201
0.0482936	0.192207
0.0490091	0.192213
0.0497411	0.192219
0.05049	0.192225
0.0512562	0.192232
0.0520401	0.19224
0.0528421	0.192247
0.0536627	0.192255
0.0545021	0.192262
0.0553609	0.19227
0.0562396	0.192278
0.0571386	0.192286
0.0580583	0.192295
0.0589992	0.192303
0.0599619	0.192311
0.0609468	0.192319
0.0619545	0.192327
0.0629854	0.192334
0.0640401	0.192342
0.0651192	0.19235
0.0662231	0.192357
0.0673526	0.192365
0.0685082	0.192372
0.0696904	0.192379
0.0708999	0.192385
0.0721374	0.192392
0.0734034	0.192398
0.0746987	0.192404
0.0760238	0.192409
0.0773796	0.192415
0.0787667	0.19242
0.0801857	0.192425
0.0816376	0.192429
0.083123	0.192433
0.0846427	0.192437
0.0861974	0.19244
0.0877881	0.192443
0.0894155	0.192447
0.0910805	0.192459
0.0927839	0.192559
0.0945266	0.19336
0.0963096	0.198274
0.0981337	0.219284
0.1	0.472794
)

((xy/key/label "line-0.15m")
0	0.260358
0.00124466	0.260358
0.00241551	0.260357
0.00351692	0.260356
0.00455301	0.260355
0.00552765	0.260354
0.00644449	0.260353
0.00730695	0.260352
0.00811827	0.260352
0.00888147	0.260352
0.00959941	0.260353
0.0102748	0.260354
0.0109101	0.260358
0.0115077	0.260369
0.0120699	0.260469
0.0125987	0.26166
0.0130962	0.275294
0.0135642	0.42591
0.0140044	1.81808
0.0144185	9.41225
0.0148081	30.0135
0.0151745	63.6633
0.0155193	105.073
0.0158435	149.991
0.0161486	195.581
0.0164355	239.985
0.0167055	282.081
0.0169594	321.255
0.0171983	357.228
0.017423	389.942
0.0176344	419.477
0.0178332	445.995
0.0180202	469.702
0.0181962	490.827
0.0183617	509.602
0.0185174	526.256
0.0186639	541.003
0.0188017	554.047
0.0189313	565.572
0.0190532	575.748
0.0191679	584.727
0.0192758	592.647
0.0193773	599.629
0.0194727	605.784
0.0195626	611.209
0.019647	615.989
0.0197265	620.201
0.0198013	623.912
0.0198716	627.182
0.0199378	630.063
0.02	632.602
0.0200622	634.974
0.0201259	637.23
0.020191	639.36
0.0202576	641.355
0.0203257	643.205
0.0203955	644.898
0.0204668	646.423
0.0205398	647.769
0.0206145	648.924
0.0206909	649.875
0.020769	650.611
0.020849	651.118
0.0209308	651.382
0.0210145	651.39
0.0211001	651.127
0.0211878	650.58
0.0212774	649.733
0.0213691	648.572
0.0214629	647.081
0.0215589	645.246
0.0216571	643.049
0.0217576	640.477
0.0218604	637.512
0.0219655	634.14
0.0220731	630.345
0.0221832	626.11
0.0222958	621.421
0.022411	616.262
0.0225289	610.619
0.0226495	604.477
0.0227729	597.822
0.0228991	590.642
0.0230283	582.923
0.0231604	574.655
0.0232956	565.826
0.0234339	556.427
0.0235754	546.45
0.0237201	535.889
0.0238682	524.738
0.0240198	512.995
0.0241748	500.658
0.0243334	487.728
0.0244957	474.208
0.0246617	460.106
0.0248315	445.429
0.0250053	430.19
0.025183	414.404
0.0253649	398.092
0.025551	381.275
0.0257414	363.982
0.0259362	346.245
0.0261354	328.1
0.0263393	309.591
0.0265479	290.767
0.0267613	271.688
0.0269796	252.425
0.027203	233.055
0.0274315	213.659
0.0276653	194.326
0.0279045	175.152
0.0281492	156.244
0.0283996	137.721
0.0286557	119.712
0.0289178	102.359
0.0291859	85.8164
0.0294602	70.2518
0.0297408	55.8454
0.030028	42.7882
0.0303217	31.2772
0.0306222	21.5053
0.0309297	13.6405
0.0312443	7.78263
0.0315661	3.88589
0.0318954	1.67526
0.0322322	0.65625
0.0325769	0.286989
0.0329295	0.180446
0.0332902	0.153823
0.0336593	0.147513
0.0340369	0.146035
0.0344232	0.145677
0.0348184	0.145573
0.0352228	0.145527
0.0356365	0.145494
0.0360597	0.145467
0.0364927	0.145442
0.0369358	0.145419
0.037389	0.145399
0.0378527	0.145381
0.0383271	0.145364
0.0388125	0.145349
0.0393091	0.145336
0.0398171	0.145325
0.0403369	0.145315
0.0408687	0.145307
0.0414127	0.1453
0.0419693	0.145294
0.0425388	0.14529
0.0431214	0.145286
0.0437175	0.145284
0.0443273	0.145283
0.0449512	0.145283
0.0455895	0.145283
0.0462426	0.145285
0.0469107	0.145287
0.0475943	0.14529
0.0482936	0.145294
0.0490091	0.145298
0.0497411	0.145303
0.05049	0.145309
0.0512562	0.145314
0.0520401	0.145321
0.0528421	0.145327
0.0536627	0.145334
0.0545021	0.145342
0.0553609	0.145349
0.0562396	0.145357
0.0571386	0.145365
0.0580583	0.145373
0.0589992	0.145381
0.0599619	0.145389
0.0609468	0.145398
0.0619545	0.145406
0.0629854	0.145414
0.0640401	0.145422
0.0651192	0.145431
0.0662231	0.145439
0.0673526	0.145447
0.0685082	0.145455
0.0696904	0.145462
0.0708999	0.14547
0.0721374	0.145477
0.0734034	0.145484
0.0746987	0.145491
0.0760238	0.145497
0.0773796	0.145503
0.0787667	0.145509
0.0801857	0.145515
0.0816376	0.14552
0.083123	0.145525
0.0846427	0.145529
0.0861974	0.145533
0.0877881	0.145537
0.0894155	0.145541
0.0910804	0.145558
0.0927839	0.14566
0.0945266	0.146212
0.0963096	0.148434
0.0981337	0.153325
0.1	0.313001
)

((xy/key/label "line-0.20m")
0	0.231225
0.00124466	0.231224
0.00241551	0.231224
0.00351692	0.231223
0.00455301	0.231222
0.00552765	0.23122
0.00644449	0.231219
0.00730695	0.231219
0.00811827	0.231218
0.00888147	0.231221
0.00959941	0.231261
0.0102748	0.23189
0.0109101	0.241035
0.0115077	0.361194
0.0120699	1.53225
0.0125987	7.65651
0.0130962	23.5833
0.0135642	49.0556
0.0140044	80.198
0.0144185	113.908
0.0148081	148.096
0.0151745	181.392
0.0155193	212.966
0.0158435	242.363
0.0161486	269.378
0.0164355	293.967
0.0167055	316.188
0.0169594	336.163
0.0171983	354.043
0.017423	369.997
0.0176344	384.199
0.0178332	396.816
0.0180202	408.01
0.0181962	417.93
0.0183617	426.713
0.0185174	434.485
0.0186639	441.359
0.0188017	447.438
0.0189313	452.812
0.0190532	457.563
0.0191679	461.763
0.0192758	465.476
0.0193773	468.76
0.0194728	471.663
0.0195626	474.232
0.019647	476.505
0.0197265	478.516
0.0198013	480.297
0.0198716	481.874
0.0199378	483.272
0.02	484.51
0.0200622	485.675
0.0201259	486.79
0.020191	487.853
0.0202576	488.859
0.0203257	489.802
0.0203955	490.679
0.0204668	491.484
0.0205398	492.212
0.0206145	492.858
0.0206909	493.415
0.020769	493.879
0.020849	494.243
0.0209308	494.501
0.0210145	494.646
0.0211001	494.672
0.0211878	494.571
0.0212774	494.337
0.0213691	493.962
0.0214629	493.439
0.0215589	492.759
0.0216571	491.916
0.0217576	490.9
0.0218604	489.703
0.0219655	488.317
0.0220731	486.733
0.0221832	484.943
0.0222958	482.937
0.022411	480.707
0.0225289	478.243
0.0226495	475.537
0.0227729	472.578
0.0228991	469.358
0.0230283	465.868
0.0231604	462.099
0.0232956	458.042
0.0234339	453.687
0.0235754	449.027
0.0237201	444.053
0.0238682	438.758
0.0240198	433.132
0.0241748	427.17
0.0243334	420.865
0.0244957	414.21
0.0246617	407.2
0.0248315	399.83
0.0250053	392.097
0.025183	383.997
0.0253649	375.528
0.025551	366.691
0.0257414	357.484
0.0259362	347.911
0.0261354	337.974
0.0263393	327.679
0.0265479	317.031
0.0267613	306.04
0.0269796	294.717
0.027203	283.074
0.0274315	271.127
0.0276653	258.894
0.0279045	246.396
0.0281492	233.656
0.0283996	220.703
0.0286557	207.566
0.0289178	194.285
0.0291859	180.901
0.0294602	167.464
0.0297408	154.025
0.030028	140.638
0.0303217	127.363
0.0306222	114.265
0.0309297	101.418
0.0312443	88.9015
0.0315661	76.8015
0.0318954	65.2131
0.0322322	54.2392
0.0325769	43.9907
0.0329295	34.5858
0.0332902	26.1484
0.0336593	18.8037
0.0340369	12.67
0.0344232	7.84034
0.0348184	4.34738
0.0352228	2.10981
0.0356365	0.895202
0.0360597	0.361351
0.0364927	0.177662
0.0369358	0.127998
0.037389	0.116653
0.0378527	0.11426
0.0383271	0.113766
0.0388125	0.113655
0.0393091	0.113621
0.0398171	0.113602
0.0403369	0.113587
0.0408687	0.113574
0.0414127	0.113563
0.0419693	0.113553
0.0425388	0.113544
0.0431214	0.113537
0.0437175	0.113531
0.0443273	0.113526
0.0449512	0.113522
0.0455895	0.113518
0.0462426	0.113516
0.0469107	0.113515
0.0475943	0.113515
0.0482936	0.113515
0.0490091	0.113516
0.0497411	0.113518
0.05049	0.11352
0.0512562	0.113523
0.0520401	0.113527
0.0528421	0.113531
0.0536627	0.113536
0.0545021	0.113541
0.0553609	0.113546
0.0562396	0.113551
0.0571386	0.113557
0.0580583	0.113564
0.0589992	0.11357
0.0599619	0.113576
0.0609468	0.113583
0.0619545	0.11359
0.0629854	0.113597
0.0640401	0.113604
0.0651192	0.113611
0.0662231	0.113618
0.0673526	0.113625
0.0685082	0.113632
0.0696904	0.113638
0.0708999	0.113645
0.0721374	0.113651
0.0734034	0.113658
0.0746987	0.113664
0.0760238	0.11367
0.0773796	0.113675
0.0787667	0.113681
0.0801857	0.113686
0.0816376	0.113691
0.083123	0.113695
0.0846427	0.113699
0.0861974	0.113703
0.0877881	0.113706
0.0894155	0.113709
0.0910805	0.113719
0.0927839	0.113764
0.0945266	0.113943
0.0963096	0.114309
0.0981337	0.112729
0.1	0.221761
)

((xy/key/label "line-0.25m")
0.0281492	246.431
0.0283996	238.027
0.0286557	229.392
0.0289178	220.535
0.0291859	211.467
0.0294602	202.2
0.0297408	192.75
0.030028	183.131
0.0303217	173.362
0.0306222	163.465
0.0309297	153.462
0.0312443	143.383
0	0.206708
0.00124466	0.206708
0.00241551	0.206707
0.00351692	0.206706
0.00455301	0.206705
0.00552765	0.206704
0.00644449	0.206705
0.00730695	0.206746
0.00811827	0.207542
0.00888147	0.22125
0.00959941	0.417863
0.0102748	2.18281
0.0109101	9.57327
0.0115077	25.481
0.0120699	48.1367
0.0125987	74.3898
0.0130962	102.051
0.0135642	129.634
0.0140044	156.193
0.0144185	181.177
0.0148081	204.299
0.0151745	225.449
0.0155193	244.629
0.0158435	261.911
0.0161486	277.408
0.0164355	291.25
0.0167055	303.581
0.0169594	314.54
0.0171983	324.264
0.017423	332.88
0.0176344	340.508
0.0178332	347.256
0.0180202	353.222
0.0181962	358.495
0.0183617	363.155
0.0185174	367.271
0.0186639	370.908
0.0188017	374.122
0.0189313	376.961
0.0190532	379.47
0.0191679	381.689
0.0192758	383.65
0.0193773	385.384
0.0194727	386.918
0.0195626	388.276
0.019647	389.478
0.0197265	390.542
0.0198013	391.485
0.0198716	392.32
0.0199378	393.061
0.02	393.718
0.0200622	394.336
0.0201259	394.929
0.020191	395.494
0.0202576	396.03
0.0203257	396.533
0.0203955	397.001
0.0204668	397.432
0.0205398	397.822
0.0206145	398.169
0.0206909	398.47
0.020769	398.722
0.020849	398.921
0.0209308	399.064
0.0210145	399.148
0.0211001	399.169
0.0211878	399.122
0.0212774	399.005
0.0213691	398.812
0.0214629	398.541
0.0215589	398.185
0.0216571	397.742
0.0217576	397.206
0.0218604	396.572
0.0219655	395.836
0.0220731	394.992
0.0221832	394.035
0.0222958	392.961
0.022411	391.763
0.0225289	390.436
0.0226495	388.975
0.0227729	387.373
0.0228991	385.625
0.0230283	383.725
0.0231604	381.667
0.0232956	379.445
0.0234339	377.052
0.0235754	374.483
0.0237201	371.732
0.0238682	368.793
0.0240198	365.659
0.0241748	362.324
0.0243334	358.783
0.0244957	355.03
0.0246617	351.06
0.0248315	346.866
0.0250053	342.444
0.025183	337.789
0.0253649	332.896
0.025551	327.761
0.0257414	322.38
0.0259362	316.75
0.0261354	310.867
0.0263393	304.73
0.0265479	298.337
0.0267613	291.686
0.0269796	284.778
0.027203	277.613
0.0274315	270.193
0.0276653	262.52
0.0279045	254.598
0.0281492	246.431
0.0315661	133.262
0.0312443	143.383
0.0318954	123.132
0.0322322	113.031
0.0325769	102.998
0.0329295	93.0795
0.0332902	83.322
0.0336593	73.7787
0.0340369	64.5075
0.0344232	55.5716
0.0348184	47.0395
0.0352228	38.9855
0.0356365	31.4895
0.0360597	24.6363
0.0364927	18.5143
0.0369358	13.2125
0.037389	8.81315
0.0378527	5.37861
0.0383271	2.92476
0.0388125	1.38257
0.0393091	0.571146
0.0398171	0.232103
0.0403369	0.124142
0.0408687	0.0977127
0.0414127	0.0923005
0.0419693	0.0912825
0.0425388	0.0910923
0.0431214	0.0910506
0.0437175	0.0910353
0.0443273	0.0910255
0.0449512	0.0910174
0.0455895	0.0910105
0.0462426	0.0910046
0.0469107	0.0909997
0.0475943	0.0909957
0.0482936	0.0909926
0.0490091	0.0909902
0.0497411	0.0909887
0.05049	0.0909878
0.0512562	0.0909876
0.0520401	0.0909881
0.0528421	0.0909892
0.0536627	0.0909908
0.0545021	0.0909929
0.0553609	0.0909954
0.0562396	0.0909984
0.0571386	0.0910018
0.0580583	0.0910055
0.0589992	0.0910096
0.0599619	0.0910139
0.0609468	0.0910184
0.0619545	0.0910232
0.0629854	0.0910281
0.0640401	0.0910332
0.0651192	0.0910384
0.0662231	0.0910436
0.0673526	0.0910489
0.0685082	0.0910542
0.0696904	0.0910595
0.0708999	0.0910647
0.0721374	0.0910699
0.0734034	0.091075
0.0746987	0.09108
0.0760238	0.0910847
0.0773796	0.0910894
0.0787667	0.0910938
0.0801857	0.091098
0.0816376	0.0911019
0.083123	0.0911055
0.0846427	0.0911088
0.0861974	0.0911116
0.0877881	0.0911133
0.0894155	0.0911123
0.0910805	0.0911024
0.0927839	0.0910624
0.0945266	0.0909004
0.0963096	0.0901505
0.0981337	0.0860516
0.1	0.165008
)

((xy/key/label "line-0.30m")
0.0189313	322.504
0.0190532	323.913
0.0191679	325.155
0.0192758	326.25
0.0269796	261.707
0.0267613	266.195
0.027203	257.03
0.0274315	252.165
0.0276653	247.11
0.0279045	241.862
0.0281492	236.423
0.0283996	230.792
0.0286557	224.969
0.0289178	218.956
0.0291859	212.756
0.0294602	206.37
0.0297408	199.803
0.030028	193.059
0.0303217	186.145
0.0306222	179.066
0.0309297	171.831
0.0312443	164.449
0.0315661	156.931
0.0318954	149.288
0.0322322	141.534
0	0.185884
0.00124466	0.185883
0.00241551	0.185883
0.00351692	0.185882
0.00455301	0.185895
0.00552765	0.186205
0.00644449	0.192648
0.00730695	0.30338
0.00811827	1.47483
0.00888147	7.01705
0.00959941	19.8035
0.0102748	38.6681
0.0109101	60.837
0.0115077	84.3384
0.0120699	107.839
0.0125987	130.49
0.0130962	151.796
0.0135642	171.5
0.0140044	189.504
0.0144185	205.809
0.0148081	220.478
0.0151745	233.609
0.0155193	245.319
0.0158435	255.73
0.0161486	264.966
0.0164355	273.145
0.0167055	280.378
0.0169594	286.768
0.0171983	292.408
0.017423	297.384
0.0176344	301.773
0.0178332	305.641
0.0180202	309.051
0.0181962	312.056
0.0183617	314.704
0.0185174	317.037
0.0186639	319.094
0.0188017	320.907
0.0189313	322.504
0.0193773	327.215
0.0192758	326.25
0.0194727	328.067
0.0195626	328.819
0.019647	329.482
0.0197265	330.068
0.0198013	330.585
0.0198716	331.041
0.0199378	331.444
0.02	331.8
0.0200622	332.133
0.0201259	332.451
0.020191	332.753
0.0202576	333.036
0.0203257	333.3
0.0203955	333.543
0.0204668	333.764
0.0205398	333.96
0.0206145	334.131
0.0206909	334.274
0.020769	334.387
0.020849	334.469
0.0209308	334.518
0.0210145	334.531
0.0211001	334.506
0.0211878	334.441
0.0212774	334.333
0.0213691	334.18
0.0214629	333.98
0.0215589	333.73
0.0216571	333.426
0.0217576	333.067
0.0218604	332.649
0.0219655	332.169
0.0220731	331.624
0.0221832	331.011
0.0222958	330.327
0.022411	329.567
0.0225289	328.729
0.0226495	327.808
0.0227729	326.802
0.0228991	325.706
0.0230283	324.516
0.0231604	323.229
0.0232956	321.84
0.0234339	320.346
0.0235754	318.742
0.0237201	317.023
0.0238682	315.186
0.0240198	313.226
0.0241748	311.14
0.0243334	308.921
0.0244957	306.567
0.0246617	304.073
0.0248315	301.434
0.0250053	298.647
0.025183	295.706
0.0253649	292.608
0.025551	289.348
0.0257414	285.924
0.0259362	282.33
0.0261354	278.564
0.0263393	274.621
0.0265479	270.499
0.0267613	266.195
0.0325769	133.684
0.0322322	141.534
0.0329295	125.756
0.0332902	117.769
0.0336593	109.747
0.0340369	101.715
0.0344232	93.7031
0.0348184	85.739
0.0352228	77.855
0.0356365	70.0859
0.0360597	62.4701
0.0364927	55.0491
0.0369358	47.8687
0.037389	40.9783
0.0378527	34.4317
0.0383271	28.2869
0.0388125	22.6059
0.0393091	17.4543
0.0398171	12.8996
0.0403369	9.00817
0.0408687	5.8386
0.0414127	3.42902
0.0419693	1.77345
0.0425388	0.791148
0.0431214	0.314876
0.0437175	0.136643
0.0443273	0.0872416
0.0449512	0.0767537
0.0455895	0.0748643
0.0462426	0.074545
0.0469107	0.0744877
0.0475943	0.0744729
0.0482936	0.0744653
0.0490091	0.0744596
0.0497411	0.0744548
0.05049	0.0744509
0.0512562	0.0744476
0.0520401	0.0744451
0.0528421	0.0744433
0.0536627	0.074442
0.0545021	0.0744414
0.0553609	0.0744413
0.0562396	0.0744417
0.0571386	0.0744425
0.0580583	0.0744438
0.0589992	0.0744455
0.0599619	0.0744475
0.0609468	0.0744498
0.0619545	0.0744524
0.0629854	0.0744553
0.0640401	0.0744584
0.0651192	0.0744617
0.0662231	0.0744651
0.0673526	0.0744687
0.0685082	0.0744723
0.0696904	0.074476
0.0708999	0.0744797
0.0721374	0.0744835
0.0734034	0.0744872
0.0746987	0.0744908
0.0760238	0.0744944
0.0773796	0.0744979
0.0787667	0.0745012
0.0801857	0.0745044
0.0816376	0.0745074
0.083123	0.0745101
0.0846427	0.0745124
0.0861974	0.0745139
0.0877881	0.0745129
0.0894155	0.0745036
0.0910805	0.074466
0.0927839	0.0743361
0.0945266	0.0739118
0.0963096	0.0725451
0.0981337	0.0676433
0.1	0.127427
)

((xy/key/label "line-0.35m")
0	0.168048
0.00124466	0.168051
0.00241551	0.168119
0.00351692	0.169744
0.00455301	0.202961
0.00552765	0.644414
0.00644449	3.48817
0.00730695	11.9782
0.00811827	26.6609
0.00888147	45.2291
0.00959941	65.5647
0.0102748	86.2737
0.0109101	106.445
0.0115077	125.536
0.0120699	143.251
0.0125987	159.466
0.0130962	174.158
0.0135642	187.373
0.0140044	199.191
0.0144185	209.717
0.0148081	219.059
0.0151745	227.331
0.0155193	234.639
0.0158435	241.087
0.0161486	246.769
0.0164355	251.771
0.0167055	256.17
0.0169594	260.037
0.0171983	263.436
0.017423	266.42
0.0176344	269.041
0.0178332	271.342
0.0180202	273.361
0.0181962	275.133
0.0183617	276.688
0.0185174	278.052
0.0186639	279.248
0.0188017	280.297
0.0189313	281.217
0.0190532	282.023
0.0191679	282.73
0.0192758	283.35
0.0193773	283.892
0.0194727	284.368
0.0195626	284.784
0.019647	285.148
0.0197265	285.467
0.0198013	285.746
0.0198716	285.989
0.0199378	286.202
0.02	286.388
0.0200622	286.56
0.0201259	286.721
0.020191	286.872
0.0202576	287.01
0.0203257	287.135
0.0203955	287.247
0.0204668	287.343
0.0205398	287.424
0.0206145	287.487
0.0206909	287.532
0.020769	287.558
0.020849	287.563
0.0209308	287.546
0.0210145	287.506
0.0211001	287.441
0.0211878	287.349
0.0212774	287.23
0.0213691	287.082
0.0214629	286.902
0.0215589	286.69
0.0216571	286.443
0.0217576	286.159
0.0218604	285.837
0.0219655	285.475
0.0220731	285.07
0.0221832	284.621
0.0222958	284.124
0.022411	283.579
0.0225289	282.982
0.0226495	282.331
0.0227729	281.624
0.0228991	280.858
0.0230283	280.03
0.0231604	279.138
0.0232956	278.178
0.0234339	277.149
0.0235754	276.047
0.0237201	274.869
0.0238682	273.612
0.0240198	272.273
0.0241748	270.848
0.0243334	269.336
0.0244957	267.732
0.0246617	266.034
0.0248315	264.237
0.0250053	262.339
0.025183	260.336
0.0253649	258.226
0.025551	256.004
0.0257414	253.668
0.0259362	251.214
0.0261354	248.639
0.0263393	245.941
0.0265479	243.115
0.0267613	240.159
0.0269796	237.07
0.027203	233.846
0.0274315	230.483
0.0276653	226.98
0.0279045	223.334
0.0281492	219.544
0.0283996	215.607
0.0286557	211.523
0.0289178	207.29
0.0291859	202.907
0.0294602	198.375
0.0297408	193.693
0.030028	188.861
0.0303217	183.881
0.0306222	178.755
0.0309297	173.485
0.0312443	168.072
0.0315661	162.522
0.0318954	156.839
0.0322322	151.026
0.0325769	145.091
0.0329295	139.041
0.0332902	132.883
0.0336593	126.626
0.0340369	120.281
0.0344232	113.859
0.0348184	107.373
0.0352228	100.836
0.0356365	94.2666
0.0360597	87.683
0.0364927	81.1068
0.0369358	74.5609
0.037389	68.0693
0.0378527	61.6582
0.0383271	55.356
0.0388125	49.1939
0.0393091	43.2057
0.0398171	37.4284
0.0403369	31.9021
0.0408687	26.6704
0.0414127	21.7799
0.0419693	17.2805
0.0425388	13.2246
0.0431214	9.6656
0.0437175	6.6551
0.0443273	4.23689
0.0449512	2.43513
0.0455895	1.23243
0.0462426	0.544228
0.0469107	0.222342
0.0475943	0.104238
0.0482936	0.0708384
0.0490091	0.0635152
0.0497411	0.0622114
0.05049	0.0620029
0.0512562	0.0619675
0.0520401	0.0619581
0.0528421	0.0619531
0.0536627	0.0619492
0.0545021	0.061946
0.0553609	0.0619434
0.0562396	0.0619414
0.0571386	0.0619399
0.0580583	0.0619389
0.0589992	0.0619384
0.0599619	0.0619383
0.0609468	0.0619385
0.0619545	0.0619391
0.0629854	0.0619401
0.0640401	0.0619413
0.0651192	0.0619428
0.0662231	0.0619444
0.0673526	0.0619463
0.0685082	0.0619484
0.0696904	0.0619505
0.0708999	0.0619528
0.0721374	0.0619551
0.0734034	0.0619575
0.0746987	0.0619599
0.0760238	0.0619623
0.0773796	0.0619646
0.0787667	0.0619669
0.0801857	0.061969
0.0816376	0.061971
0.083123	0.0619728
0.0846427	0.061974
0.0861974	0.0619738
0.0877881	0.0619686
0.0894155	0.061948
0.0910805	0.0618789
0.0927839	0.0616676
0.0945266	0.0610608
0.0963096	0.059389
0.0981337	0.0544423
0.1	0.101308
)

((xy/key/label "line-0.40m")
0	0.153136
0.00124466	0.157047
0.00241551	0.235818
0.00351692	1.13826
0.00455301	5.45119
0.00552765	15.4868
0.00644449	30.3755
0.00730695	47.8531
0.00811827	66.2938
0.00888147	84.635
0.00959941	102.215
0.0102748	118.657
0.0109101	133.778
0.0115077	147.516
0.0120699	159.889
0.0125987	170.957
0.0130962	180.809
0.0135642	189.544
0.0140044	197.265
0.0144185	204.074
0.0148081	210.067
0.0151745	215.334
0.0155193	219.957
0.0158435	224.01
0.0161486	227.56
0.0164355	230.668
0.0167055	233.388
0.0169594	235.765
0.0171983	237.842
0.017423	239.657
0.0176344	241.241
0.0178332	242.623
0.0180202	243.828
0.0181962	244.878
0.0183617	245.793
0.0185174	246.589
0.0186639	247.282
0.0188017	247.883
0.0189313	248.406
0.0190532	248.859
0.0191679	249.252
0.0192758	249.592
0.0193773	249.886
0.0194728	250.139
0.0195626	250.358
0.019647	250.545
0.0197265	250.706
0.0198013	250.844
0.0198716	250.962
0.0199378	251.062
0.02	251.146
0.0200622	251.222
0.0201259	251.29
0.020191	251.35
0.0202576	251.401
0.0203257	251.443
0.0203955	251.475
0.0204668	251.496
0.0205398	251.506
0.0206145	251.503
0.0206909	251.488
0.020769	251.459
0.020849	251.416
0.0209308	251.357
0.0210145	251.282
0.0211001	251.189
0.0211878	251.078
0.0212774	250.948
0.0213691	250.797
0.0214629	250.625
0.0215589	250.429
0.0216571	250.21
0.0217576	249.966
0.0218604	249.695
0.0219655	249.395
0.0220731	249.067
0.0221832	248.707
0.0222958	248.316
0.022411	247.89
0.0225289	247.428
0.0226495	246.929
0.0227729	246.391
0.0228991	245.812
0.0230283	245.191
0.0231604	244.525
0.0232956	243.812
0.0234339	243.05
0.0235754	242.238
0.0237201	241.373
0.0238682	240.453
0.0240198	239.476
0.0241748	238.439
0.0243334	237.341
0.0244957	236.178
0.0246617	234.949
0.0248315	233.65
0.0250053	232.28
0.025183	230.836
0.0253649	229.316
0.025551	227.716
0.0257414	226.034
0.0259362	224.268
0.0261354	222.416
0.0263393	220.473
0.0265479	218.439
0.0267613	216.31
0.0269796	214.084
0.027203	211.759
0.0274315	209.331
0.0276653	206.799
0.0279045	204.161
0.0281492	201.414
0.0283996	198.556
0.0286557	195.586
0.0289178	192.501
0.0291859	189.3
0.0294602	185.982
0.0297408	182.545
0.030028	178.989
0.0303217	175.313
0.0306222	171.516
0.0309297	167.598
0.0312443	163.56
0.0315661	159.403
0.0318954	155.126
0.0322322	150.733
0.0325769	146.225
0.0329295	141.604
0.0332902	136.873
0.0336593	132.037
0.0340369	127.099
0.0344232	122.065
0.0348184	116.94
0.0352228	111.732
0.0356365	106.447
0.0360597	101.094
0.0364927	95.6833
0.0369358	90.2244
0.037389	84.7294
0.0378527	79.2114
0.0383271	73.6858
0.0388125	68.1703
0.0393091	62.6837
0.0398171	57.2463
0.0403369	51.8791
0.0408687	46.6053
0.0414127	41.4501
0.0419693	36.441
0.0425388	31.6081
0.0431214	26.9837
0.0437175	22.6032
0.0443273	18.5044
0.0449512	14.7277
0.0455895	11.3156
0.0462426	8.31169
0.0469107	5.75832
0.0475943	3.69241
0.0482936	2.13638
0.0490091	1.08202
0.0497411	0.470123
0.05049	0.183947
0.0512562	0.0830693
0.0520401	0.0577683
0.0528421	0.0531061
0.0536627	0.0523928
0.0545021	0.052289
0.0553609	0.0522711
0.0562396	0.0522652
0.0571386	0.0522614
0.0580583	0.0522583
0.0589992	0.0522558
0.0599619	0.0522537
0.0609468	0.0522521
0.0619545	0.0522509
0.0629854	0.05225
0.0640401	0.0522495
0.0651192	0.0522493
0.0662231	0.0522494
0.0673526	0.0522498
0.0685082	0.0522503
0.0696904	0.0522511
0.0708999	0.052252
0.0721374	0.052253
0.0734034	0.0522541
0.0746987	0.0522553
0.0760238	0.0522566
0.0773796	0.0522579
0.0787667	0.0522591
0.0801857	0.0522603
0.0816376	0.0522614
0.083123	0.0522622
0.0846427	0.0522621
0.0861974	0.0522595
0.0877881	0.0522489
0.0894155	0.0522149
0.0910804	0.0521142
0.0927839	0.0518357
0.0945266	0.051112
0.0963096	0.049322
0.0981337	0.0446547
0.1	0.0823997
)

((xy/key/label "line-0.45m")
0	1.34602
0.00124466	2.826
0.00241551	8.34424
0.00351692	18.8285
0.00455301	32.9909
0.00552765	48.959
0.00644449	65.4469
0.00730695	81.6305
0.00811827	97.0055
0.00888147	111.294
0.00959941	124.367
0.0102748	136.196
0.0109101	146.808
0.0115077	156.27
0.0120699	164.663
0.0125987	172.082
0.0130962	178.618
0.0135642	184.363
0.0140044	189.402
0.0144185	193.814
0.0148081	197.673
0.0151745	201.043
0.0155193	203.982
0.0158435	206.544
0.0161486	208.775
0.0164355	210.716
0.0167055	212.402
0.0169594	213.866
0.0171983	215.136
0.017423	216.236
0.0176344	217.189
0.0178332	218.012
0.0180202	218.722
0.0181962	219.335
0.0183617	219.862
0.0185174	220.315
0.0186639	220.703
0.0188017	221.034
0.0189313	221.317
0.0190532	221.557
0.0191679	221.761
0.0192758	221.933
0.0193773	222.077
0.0194727	222.197
0.0195626	222.296
0.019647	222.378
0.0197265	222.444
0.0198013	222.497
0.0198716	222.539
0.0199378	222.572
0.02	222.596
0.0200622	222.614
0.0201259	222.626
0.020191	222.632
0.0202576	222.631
0.0203257	222.623
0.0203955	222.608
0.0204668	222.585
0.0205398	222.553
0.0206145	222.512
0.0206909	222.461
0.020769	222.4
0.020849	222.329
0.0209308	222.246
0.0210145	222.151
0.0211001	222.043
0.0211878	221.922
0.0212774	221.786
0.0213691	221.636
0.0214629	221.47
0.0215589	221.287
0.0216571	221.087
0.0217576	220.869
0.0218604	220.631
0.0219655	220.372
0.0220731	220.093
0.0221832	219.791
0.0222958	219.466
0.022411	219.116
0.0225289	218.74
0.0226495	218.337
0.0227729	217.907
0.0228991	217.446
0.0230283	216.955
0.0231604	216.431
0.0232956	215.874
0.0234339	215.282
0.0235754	214.653
0.0237201	213.986
0.0238682	213.279
0.0240198	212.53
0.0241748	211.739
0.0243334	210.902
0.0244957	210.019
0.0246617	209.088
0.0248315	208.106
0.0250053	207.072
0.025183	205.984
0.0253649	204.84
0.025551	203.638
0.0257414	202.376
0.0259362	201.051
0.0261354	199.663
0.0263393	198.209
0.0265479	196.686
0.0267613	195.093
0.0269796	193.427
0.027203	191.688
0.0274315	189.871
0.0276653	187.976
0.0279045	186
0.0281492	183.942
0.0283996	181.799
0.0286557	179.57
0.0289178	177.253
0.0291859	174.846
0.0294602	172.347
0.0297408	169.755
0.030028	167.069
0.0303217	164.287
0.0306222	161.408
0.0309297	158.431
0.0312443	155.355
0.0315661	152.181
0.0318954	148.907
0.0322322	145.534
0.0325769	142.061
0.0329295	138.49
0.0332902	134.821
0.0336593	131.055
0.0340369	127.194
0.0344232	123.24
0.0348184	119.196
0.0352228	115.064
0.0356365	110.848
0.0360597	106.552
0.0364927	102.18
0.0369358	97.7391
0.037389	93.2339
0.0378527	88.6715
0.0383271	84.0595
0.0388125	79.4064
0.0393091	74.7215
0.0398171	70.0152
0.0403369	65.2992
0.0408687	60.5869
0.0414127	55.8937
0.0419693	51.236
0.0425388	46.6314
0.0431214	42.0985
0.0437175	37.6575
0.0443273	33.3303
0.0449512	29.1408
0.0455895	25.115
0.0462426	21.2811
0.0469107	17.6694
0.0475943	14.3125
0.0482936	11.245
0.0490091	8.50273
0.0497411	6.12183
0.05049	4.13596
0.0512562	2.57124
0.0520401	1.43585
0.0528421	0.704276
0.0536627	0.303706
0.0545021	0.125722
0.0553609	0.0642883
0.0562396	0.0482755
0.0571386	0.0451791
0.0580583	0.0447066
0.0589992	0.0446404
0.0599619	0.0446289
0.0609468	0.0446246
0.0619545	0.0446217
0.0629854	0.0446192
0.0640401	0.0446172
0.0651192	0.0446155
0.0662231	0.0446141
0.0673526	0.0446131
0.0685082	0.0446123
0.0696904	0.0446117
0.0708999	0.0446114
0.0721374	0.0446113
0.0734034	0.0446113
0.0746987	0.0446114
0.0760238	0.0446116
0.0773796	0.0446119
0.0787667	0.0446122
0.0801857	0.0446125
0.0816376	0.0446127
0.083123	0.0446124
0.0846427	0.0446107
0.0861974	0.0446051
0.0877881	0.0445881
0.0894155	0.0445398
0.0910804	0.0444096
0.0927839	0.0440794
0.0945266	0.0432895
0.0963096	0.0414925
0.0981337	0.0372294
0.1	0.0683189
)
