(title "Axial Velocity")
(labels "Position" "Axial Velocity")

((xy/key/label "line-0.0m")
0	15
0.00124466	15
0.00241551	15
0.00351692	15
0.00455301	15
0.00552765	15
0.00644449	15
0.00730695	15
0.00811827	15
0.00888147	15
0.00959941	15
0.0102748	15
0.0109101	15
0.0115077	15
0.0120699	15
0.0125987	15
0.0130962	15
0.0135642	15
0.0140044	15
0.0144185	15
0.0148081	15
0.0151745	15
0.0155193	15
0.0158435	15
0.0161486	15
0.0164355	15
0.0167055	15
0.0169594	15
0.0171983	15
0.017423	15
0.0176344	15
0.0178332	15
0.0180202	15
0.0181962	15
0.0183617	15
0.0185174	15
0.0186639	15
0.0188017	15
0.0189313	15
0.0190532	15
0.0191679	15
0.0192758	15
0.0193773	15
0.0194727	15
0.0195626	15
0.019647	15
0.0197265	15
0.0198013	15
0.0198716	15
0.0199378	15
0.02	9.99903
0.0200622	5
0.0201259	5
0.020191	5
0.0202576	5
0.0203257	5
0.0203955	5
0.0204668	5
0.0205398	5
0.0206145	5
0.0206909	5
0.020769	5
0.020849	5
0.0209308	5
0.0210145	5
0.0211001	5
0.0211878	5
0.0212774	5
0.0213691	5
0.0214629	5
0.0215589	5
0.0216571	5
0.0217576	5
0.0218604	5
0.0219655	5
0.0220731	5
0.0221832	5
0.0222958	5
0.022411	5
0.0225289	5
0.0226495	5
0.0227729	5
0.0228991	5
0.0230283	5
0.0231604	5
0.0232956	5
0.0234339	5
0.0235754	5
0.0237201	5
0.0238682	5
0.0240198	5
0.0241748	5
0.0243334	5
0.0244957	5
0.0246617	5
0.0248315	5
0.0250053	5
0.025183	5
0.0253649	5
0.025551	5
0.0257414	5
0.0259362	5
0.0261354	5
0.0263393	5
0.0265479	5
0.0267613	5
0.0269796	5
0.027203	5
0.0274315	5
0.0276653	5
0.0279045	5
0.0281492	5
0.0283996	5
0.0286557	5
0.0289178	5
0.0291859	5
0.0294602	5
0.0297408	5
0.030028	5
0.0303217	5
0.0306222	5
0.0309297	5
0.0312443	5
0.0315661	5
0.0318954	5
0.0322322	5
0.0325769	5
0.0329295	5
0.0332902	5
0.0336593	5
0.0340369	5
0.0344232	5
0.0348184	5
0.0352228	5
0.0356365	5
0.0360597	5
0.0364927	5
0.0369358	5
0.037389	5
0.0378527	5
0.0383271	5
0.0388125	5
0.0393091	5
0.0398171	5
0.0403369	5
0.0408687	5
0.0414127	5
0.0419693	5
0.0425388	5
0.0431214	5
0.0437175	5
0.0443273	5
0.0449512	5
0.0455895	5
0.0462426	5
0.0469107	5
0.0475943	5
0.0482936	5
0.0490091	5
0.0497411	5
0.05049	5
0.0512562	5
0.0520401	5
0.0528421	5
0.0536627	5
0.0545021	5
0.0553609	5
0.0562396	5
0.0571386	5
0.0580583	5
0.0589992	5
0.0599619	5
0.0609468	5
0.0619545	5
0.0629854	5
0.0640401	5
0.0651192	5
0.0662231	5
0.0673526	5
0.0685082	5
0.0696904	5
0.0708999	5
0.0721374	5
0.0734034	5
0.0746987	5
0.0760238	5
0.0773796	5
0.0787667	5
0.0801857	5
0.0816376	5
0.083123	5
0.0846427	5
0.0861974	5
0.0877881	5
0.0894155	5
0.0910805	5
0.0927839	5
0.0945266	5
0.0963096	5
0.0981337	5
0.1	5
)

((xy/key/label "line-0.1m")
0	14.9565
0.00124466	14.9564
0.00241551	14.9562
0.00351692	14.9559
0.00455301	14.9555
0.00552765	14.9551
0.00644449	14.9545
0.00730695	14.9539
0.00811827	14.9533
0.00888147	14.9525
0.00959941	14.9517
0.0102748	14.9509
0.0109101	14.95
0.0115077	14.949
0.0120699	14.948
0.0125987	14.9469
0.0130962	14.9457
0.0135642	14.9445
0.0140044	14.9432
0.0144185	14.9418
0.0148081	14.9404
0.0151745	14.9388
0.0155193	14.9369
0.0158435	14.9309
0.0161486	14.9011
0.0164355	14.8077
0.0167055	14.6468
0.0169594	14.4524
0.0171983	14.246
0.017423	14.0365
0.0176344	13.8291
0.0178332	13.6266
0.0180202	13.4311
0.0181962	13.2434
0.0183617	13.0642
0.0185174	12.8938
0.0186639	12.7321
0.0188017	12.579
0.0189313	12.4343
0.0190532	12.2978
0.0191679	12.169
0.0192758	12.0477
0.0193773	11.9335
0.0194727	11.826
0.0195626	11.7249
0.019647	11.6298
0.0197265	11.5404
0.0198013	11.4564
0.0198716	11.3774
0.0199378	11.3032
0.02	11.2335
0.0200622	11.1639
0.0201259	11.0928
0.020191	11.0201
0.0202576	10.9459
0.0203257	10.8701
0.0203955	10.7927
0.0204668	10.7137
0.0205398	10.6331
0.0206145	10.5508
0.0206909	10.4669
0.020769	10.3812
0.020849	10.2939
0.0209308	10.2048
0.0210145	10.114
0.0211001	10.0215
0.0211878	9.92728
0.0212774	9.83127
0.0213691	9.73351
0.0214629	9.63399
0.0215589	9.5327
0.0216571	9.42966
0.0217576	9.32486
0.0218604	9.21832
0.0219655	9.11003
0.0220731	9.00003
0.0221832	8.88831
0.0222958	8.77491
0.022411	8.65986
0.0225289	8.54317
0.0226495	8.42489
0.0227729	8.30505
0.0228991	8.18371
0.0230283	8.06092
0.0231604	7.93673
0.0232956	7.81122
0.0234339	7.68446
0.0235754	7.55655
0.0237201	7.42756
0.0238682	7.29763
0.0240198	7.16686
0.0241748	7.03539
0.0243334	6.90338
0.0244957	6.771
0.0246617	6.63843
0.0248315	6.50591
0.0250053	6.37367
0.025183	6.242
0.0253649	6.11124
0.025551	5.98174
0.0257414	5.85397
0.0259362	5.72842
0.0261354	5.60572
0.0263393	5.48663
0.0265479	5.37205
0.0267613	5.26315
0.0269796	5.16145
0.027203	5.06895
0.0274315	4.98838
0.0276653	4.9233
0.0279045	4.87731
0.0281492	4.85122
0.0283996	4.84068
0.0286557	4.83864
0.0289178	4.83988
0.0291859	4.84197
0.0294602	4.84417
0.0297408	4.84638
0.030028	4.84857
0.0303217	4.85075
0.0306222	4.85291
0.0309297	4.85504
0.0312443	4.85716
0.0315661	4.85926
0.0318954	4.86134
0.0322322	4.86339
0.0325769	4.86543
0.0329295	4.86744
0.0332902	4.86944
0.0336593	4.87141
0.0340369	4.87336
0.0344232	4.87529
0.0348184	4.8772
0.0352228	4.87909
0.0356365	4.88096
0.0360597	4.8828
0.0364927	4.88463
0.0369358	4.88643
0.037389	4.88821
0.0378527	4.88996
0.0383271	4.8917
0.0388125	4.89341
0.0393091	4.8951
0.0398171	4.89677
0.0403369	4.89842
0.0408687	4.90004
0.0414127	4.90164
0.0419693	4.90322
0.0425388	4.90477
0.0431214	4.9063
0.0437175	4.90781
0.0443273	4.9093
0.0449512	4.91076
0.0455895	4.9122
0.0462426	4.91361
0.0469107	4.915
0.0475943	4.91637
0.0482936	4.91771
0.0490091	4.91903
0.0497411	4.92032
0.05049	4.92159
0.0512562	4.92283
0.0520401	4.92405
0.0528421	4.92525
0.0536627	4.92642
0.0545021	4.92756
0.0553609	4.92868
0.0562396	4.92978
0.0571386	4.93085
0.0580583	4.93189
0.0589992	4.93291
0.0599619	4.9339
0.0609468	4.93486
0.0619545	4.9358
0.0629854	4.93671
0.0640401	4.9376
0.0651192	4.93846
0.0662231	4.93929
0.0673526	4.94009
0.0685082	4.94086
0.0696904	4.9416
0.0708999	4.94232
0.0721374	4.94301
0.0734034	4.94366
0.0746987	4.94429
0.0760238	4.94489
0.0773796	4.94545
0.0787667	4.94598
0.0801857	4.94648
0.0816376	4.94695
0.083123	4.94738
0.0846427	4.94778
0.0861974	4.94814
0.0877881	4.94846
0.0894155	4.94875
0.0910805	4.949
0.0927839	4.9492
0.0945266	4.94936
0.0963096	4.94949
0.0981337	4.94957
0.1	4.9496
)

((xy/key/label "line-0.2m")
0	14.939
0.00124466	14.9389
0.00241551	14.9387
0.00351692	14.9384
0.00455301	14.9381
0.00552765	14.9376
0.00644449	14.937
0.00730695	14.9364
0.00811827	14.9358
0.00888147	14.935
0.00959941	14.9342
0.0102748	14.9333
0.0109101	14.9324
0.0115077	14.9306
0.0120699	14.9218
0.0125987	14.8804
0.0130962	14.7757
0.0135642	14.6167
0.0140044	14.433
0.0144185	14.2404
0.0148081	14.0463
0.0151745	13.8547
0.0155193	13.6682
0.0158435	13.4884
0.0161486	13.3159
0.0164355	13.1514
0.0167055	12.995
0.0169594	12.8466
0.0171983	12.7062
0.017423	12.5734
0.0176344	12.4481
0.0178332	12.33
0.0180202	12.2186
0.0181962	12.1138
0.0183617	12.0151
0.0185174	11.9222
0.0186639	11.8348
0.0188017	11.7527
0.0189313	11.6755
0.0190532	11.6029
0.0191679	11.5346
0.0192758	11.4705
0.0193773	11.4102
0.0194728	11.3535
0.0195626	11.3003
0.019647	11.2503
0.0197265	11.2032
0.0198013	11.1591
0.0198716	11.1175
0.0199378	11.0785
0.02	11.0418
0.0200622	11.0052
0.0201259	10.9678
0.020191	10.9295
0.0202576	10.8904
0.0203257	10.8504
0.0203955	10.8096
0.0204668	10.7679
0.0205398	10.7253
0.0206145	10.6817
0.0206909	10.6372
0.020769	10.5918
0.020849	10.5454
0.0209308	10.498
0.0210145	10.4496
0.0211001	10.4002
0.0211878	10.3497
0.0212774	10.2982
0.0213691	10.2456
0.0214629	10.1919
0.0215589	10.1371
0.0216571	10.0811
0.0217576	10.0241
0.0218604	9.96585
0.0219655	9.90646
0.0220731	9.84588
0.0221832	9.78409
0.0222958	9.7211
0.022411	9.65686
0.0225289	9.59138
0.0226495	9.52465
0.0227729	9.45664
0.0228991	9.38735
0.0230283	9.31676
0.0231604	9.24487
0.0232956	9.17166
0.0234339	9.09713
0.0235754	9.02126
0.0237201	8.94406
0.0238682	8.86552
0.0240198	8.78563
0.0241748	8.7044
0.0243334	8.62182
0.0244957	8.53789
0.0246617	8.45262
0.0248315	8.36601
0.0250053	8.27807
0.025183	8.18882
0.0253649	8.09826
0.025551	8.00641
0.0257414	7.91329
0.0259362	7.81892
0.0261354	7.72334
0.0263393	7.62656
0.0265479	7.52864
0.0267613	7.4296
0.0269796	7.32949
0.027203	7.22837
0.0274315	7.1263
0.0276653	7.02333
0.0279045	6.91955
0.0281492	6.81503
0.0283996	6.70987
0.0286557	6.60418
0.0289178	6.49806
0.0291859	6.39167
0.0294602	6.28513
0.0297408	6.17863
0.030028	6.07235
0.0303217	5.96651
0.0306222	5.86137
0.0309297	5.75723
0.0312443	5.65441
0.0315661	5.55332
0.0318954	5.45444
0.0322322	5.35834
0.0325769	5.26573
0.0329295	5.17751
0.0332902	5.09481
0.0336593	5.01915
0.0340369	4.95255
0.0344232	4.8975
0.0348184	4.85645
0.0352228	4.83038
0.0356365	4.81741
0.0360597	4.81335
0.0364927	4.81354
0.0369358	4.8149
0.037389	4.81641
0.0378527	4.8179
0.0383271	4.81937
0.0388125	4.82082
0.0393091	4.82226
0.0398171	4.82369
0.0403369	4.82511
0.0408687	4.82651
0.0414127	4.8279
0.0419693	4.82928
0.0425388	4.83064
0.0431214	4.83199
0.0437175	4.83333
0.0443273	4.83465
0.0449512	4.83595
0.0455895	4.83724
0.0462426	4.83851
0.0469107	4.83976
0.0475943	4.841
0.0482936	4.84222
0.0490091	4.84343
0.0497411	4.84461
0.05049	4.84578
0.0512562	4.84693
0.0520401	4.84806
0.0528421	4.84917
0.0536627	4.85027
0.0545021	4.85134
0.0553609	4.85239
0.0562396	4.85342
0.0571386	4.85443
0.0580583	4.85542
0.0589992	4.85639
0.0599619	4.85734
0.0609468	4.85826
0.0619545	4.85917
0.0629854	4.86005
0.0640401	4.8609
0.0651192	4.86173
0.0662231	4.86254
0.0673526	4.86332
0.0685082	4.86408
0.0696904	4.86481
0.0708999	4.86551
0.0721374	4.86619
0.0734034	4.86684
0.0746987	4.86746
0.0760238	4.86805
0.0773796	4.86862
0.0787667	4.86915
0.0801857	4.86965
0.0816376	4.87012
0.083123	4.87055
0.0846427	4.87095
0.0861974	4.87132
0.0877881	4.87165
0.0894155	4.87194
0.0910805	4.87219
0.0927839	4.8724
0.0945266	4.87256
0.0963096	4.87269
0.0981337	4.87278
0.1	4.87281
)

((xy/key/label "line-0.3m")
0.0189313	11.2625
0.0190532	11.2134
0.0191679	11.1672
0.0192758	11.1238
0.0269796	8.23589
0.0267613	8.31036
0.027203	8.16023
0.0274315	8.08337
0.0276653	8.00533
0.0279045	7.92611
0.0281492	7.84571
0.0283996	7.76416
0.0286557	7.68145
0.0289178	7.59762
0.0291859	7.51267
0.0294602	7.42663
0.0297408	7.33953
0.030028	7.2514
0.0303217	7.16226
0.0306222	7.07216
0.0309297	6.98115
0.0312443	6.88927
0.0315661	6.79657
0.0318954	6.70312
0.0322322	6.609
0	14.92
0.00124466	14.9199
0.00241551	14.9197
0.00351692	14.9194
0.00455301	14.919
0.00552765	14.9186
0.00644449	14.918
0.00730695	14.9164
0.00811827	14.9052
0.00888147	14.8528
0.00959941	14.7333
0.0102748	14.5644
0.0109101	14.3751
0.0115077	14.1792
0.0120699	13.9831
0.0125987	13.7906
0.0130962	13.6039
0.0135642	13.4244
0.0140044	13.2527
0.0144185	13.0891
0.0148081	12.9339
0.0151745	12.7869
0.0155193	12.6479
0.0158435	12.5166
0.0161486	12.3928
0.0164355	12.2762
0.0167055	12.1663
0.0169594	12.0629
0.0171983	11.9657
0.017423	11.8742
0.0176344	11.7882
0.0178332	11.7073
0.0180202	11.6314
0.0181962	11.5599
0.0183617	11.4928
0.0185174	11.4298
0.0186639	11.3705
0.0188017	11.3149
0.0189313	11.2625
0.0193773	11.0831
0.0192758	11.1238
0.0194727	11.0447
0.0195626	11.0087
0.019647	10.9749
0.0197265	10.9431
0.0198013	10.9132
0.0198716	10.8851
0.0199378	10.8587
0.02	10.8339
0.0200622	10.8092
0.0201259	10.7838
0.020191	10.7579
0.0202576	10.7315
0.0203257	10.7044
0.0203955	10.6768
0.0204668	10.6485
0.0205398	10.6196
0.0206145	10.5901
0.0206909	10.56
0.020769	10.5292
0.020849	10.4977
0.0209308	10.4655
0.0210145	10.4326
0.0211001	10.399
0.0211878	10.3647
0.0212774	10.3297
0.0213691	10.2939
0.0214629	10.2573
0.0215589	10.2199
0.0216571	10.1818
0.0217576	10.1428
0.0218604	10.103
0.0219655	10.0624
0.0220731	10.0209
0.0221832	9.97857
0.0222958	9.93534
0.022411	9.89122
0.0225289	9.84618
0.0226495	9.80021
0.0227729	9.7533
0.0228991	9.70544
0.0230283	9.6566
0.0231604	9.60678
0.0232956	9.55596
0.0234339	9.50413
0.0235754	9.45127
0.0237201	9.39736
0.0238682	9.34241
0.0240198	9.28638
0.0241748	9.22928
0.0243334	9.17108
0.0244957	9.11177
0.0246617	9.05135
0.0248315	8.9898
0.0250053	8.92712
0.025183	8.86328
0.0253649	8.79829
0.025551	8.73213
0.0257414	8.6648
0.0259362	8.59629
0.0261354	8.5266
0.0263393	8.45571
0.0265479	8.38363
0.0267613	8.31036
0.0325769	6.51427
0.0322322	6.609
0.0329295	6.41902
0.0332902	6.32336
0.0336593	6.22739
0.0340369	6.13125
0.0344232	6.03507
0.0348184	5.93901
0.0352228	5.84326
0.0356365	5.74803
0.0360597	5.65356
0.0364927	5.56013
0.0369358	5.46807
0.037389	5.37778
0.0378527	5.28972
0.0383271	5.20445
0.0388125	5.12269
0.0393091	5.04533
0.0398171	4.97353
0.0403369	4.90884
0.0408687	4.85324
0.0414127	4.80902
0.0419693	4.77807
0.0425388	4.7604
0.0431214	4.75346
0.0437175	4.75262
0.0443273	4.75367
0.0449512	4.75489
0.0455895	4.75605
0.0462426	4.75719
0.0469107	4.75832
0.0475943	4.75944
0.0482936	4.76054
0.0490091	4.76163
0.0497411	4.7627
0.05049	4.76377
0.0512562	4.76482
0.0520401	4.76586
0.0528421	4.76688
0.0536627	4.76788
0.0545021	4.76888
0.0553609	4.76985
0.0562396	4.77081
0.0571386	4.77175
0.0580583	4.77268
0.0589992	4.77358
0.0599619	4.77447
0.0609468	4.77534
0.0619545	4.77619
0.0629854	4.77702
0.0640401	4.77783
0.0651192	4.77862
0.0662231	4.77939
0.0673526	4.78013
0.0685082	4.78085
0.0696904	4.78155
0.0708999	4.78223
0.0721374	4.78288
0.0734034	4.7835
0.0746987	4.7841
0.0760238	4.78467
0.0773796	4.78521
0.0787667	4.78572
0.0801857	4.78621
0.0816376	4.78666
0.083123	4.78708
0.0846427	4.78747
0.0861974	4.78783
0.0877881	4.78815
0.0894155	4.78843
0.0910805	4.78867
0.0927839	4.78888
0.0945266	4.78904
0.0963096	4.78916
0.0981337	4.78925
0.1	4.78929
)

((xy/key/label "line-0.4m")
0	14.899
0.00124466	14.899
0.00241551	14.8982
0.00351692	14.8883
0.00455301	14.8377
0.00552765	14.7173
0.00644449	14.5426
0.00730695	14.3454
0.00811827	14.1414
0.00888147	13.9379
0.00959941	13.7385
0.0102748	13.5457
0.0109101	13.3605
0.0115077	13.1837
0.0120699	13.0156
0.0125987	12.8561
0.0130962	12.7052
0.0135642	12.5627
0.0140044	12.4282
0.0144185	12.3015
0.0148081	12.1821
0.0151745	12.0698
0.0155193	11.9641
0.0158435	11.8648
0.0161486	11.7714
0.0164355	11.6836
0.0167055	11.6011
0.0169594	11.5236
0.0171983	11.4507
0.017423	11.3823
0.0176344	11.318
0.0178332	11.2577
0.0180202	11.2009
0.0181962	11.1477
0.0183617	11.0976
0.0185174	11.0506
0.0186639	11.0064
0.0188017	10.9649
0.0189313	10.9259
0.0190532	10.8893
0.0191679	10.8549
0.0192758	10.8225
0.0193773	10.7921
0.0194728	10.7636
0.0195626	10.7367
0.019647	10.7115
0.0197265	10.6878
0.0198013	10.6655
0.0198716	10.6445
0.0199378	10.6249
0.02	10.6063
0.0200622	10.5879
0.0201259	10.569
0.020191	10.5496
0.0202576	10.5299
0.0203257	10.5097
0.0203955	10.489
0.0204668	10.4679
0.0205398	10.4464
0.0206145	10.4243
0.0206909	10.4018
0.020769	10.3788
0.020849	10.3552
0.0209308	10.3311
0.0210145	10.3066
0.0211001	10.2814
0.0211878	10.2558
0.0212774	10.2295
0.0213691	10.2027
0.0214629	10.1753
0.0215589	10.1473
0.0216571	10.1187
0.0217576	10.0895
0.0218604	10.0596
0.0219655	10.0291
0.0220731	9.99797
0.0221832	9.96615
0.0222958	9.93365
0.022411	9.90045
0.0225289	9.86655
0.0226495	9.83193
0.0227729	9.79658
0.0228991	9.76048
0.0230283	9.72363
0.0231604	9.686
0.0232956	9.64759
0.0234339	9.60837
0.0235754	9.56835
0.0237201	9.5275
0.0238682	9.48581
0.0240198	9.44327
0.0241748	9.39987
0.0243334	9.35558
0.0244957	9.3104
0.0246617	9.26432
0.0248315	9.21732
0.0250053	9.16938
0.025183	9.1205
0.0253649	9.07066
0.025551	9.01985
0.0257414	8.96806
0.0259362	8.91527
0.0261354	8.86147
0.0263393	8.80666
0.0265479	8.75082
0.0267613	8.69394
0.0269796	8.63601
0.027203	8.57702
0.0274315	8.51696
0.0276653	8.45583
0.0279045	8.39361
0.0281492	8.3303
0.0283996	8.2659
0.0286557	8.20039
0.0289178	8.13378
0.0291859	8.06606
0.0294602	7.99723
0.0297408	7.92729
0.030028	7.85624
0.0303217	7.78409
0.0306222	7.71083
0.0309297	7.63648
0.0312443	7.56104
0.0315661	7.48453
0.0318954	7.40695
0.0322322	7.32832
0.0325769	7.24866
0.0329295	7.168
0.0332902	7.08635
0.0336593	7.00374
0.0340369	6.92021
0.0344232	6.83578
0.0348184	6.75052
0.0352228	6.66445
0.0356365	6.57763
0.0360597	6.49012
0.0364927	6.40199
0.0369358	6.31331
0.037389	6.22416
0.0378527	6.13464
0.0383271	6.04484
0.0388125	5.95489
0.0393091	5.86493
0.0398171	5.7751
0.0403369	5.68558
0.0408687	5.59656
0.0414127	5.50829
0.0419693	5.42102
0.0425388	5.33506
0.0431214	5.25079
0.0437175	5.16866
0.0443273	5.0892
0.0449512	5.0131
0.0455895	4.94121
0.0462426	4.87466
0.0469107	4.81493
0.0475943	4.76394
0.0482936	4.72389
0.0490091	4.69641
0.0497411	4.68133
0.05049	4.67571
0.0512562	4.6753
0.0520401	4.67642
0.0528421	4.67741
0.0536627	4.67833
0.0545021	4.67925
0.0553609	4.68015
0.0562396	4.68104
0.0571386	4.68192
0.0580583	4.68278
0.0589992	4.68363
0.0599619	4.68446
0.0609468	4.68528
0.0619545	4.68608
0.0629854	4.68686
0.0640401	4.68763
0.0651192	4.68837
0.0662231	4.6891
0.0673526	4.68981
0.0685082	4.6905
0.0696904	4.69117
0.0708999	4.69181
0.0721374	4.69243
0.0734034	4.69303
0.0746987	4.69361
0.0760238	4.69416
0.0773796	4.69468
0.0787667	4.69518
0.0801857	4.69565
0.0816376	4.69609
0.083123	4.6965
0.0846427	4.69687
0.0861974	4.69722
0.0877881	4.69753
0.0894155	4.6978
0.0910804	4.69804
0.0927839	4.69824
0.0945266	4.6984
0.0963096	4.69853
0.0981337	4.69862
0.1	4.69866
)

((xy/key/label "line-0.5m")
0	14.4568
0.00124466	14.4033
0.00241551	14.2696
0.00351692	14.0953
0.00455301	13.905
0.00552765	13.7105
0.00644449	13.5177
0.00730695	13.3299
0.00811827	13.1488
0.00888147	12.9752
0.00959941	12.8098
0.0102748	12.6526
0.0109101	12.5036
0.0115077	12.3626
0.0120699	12.2295
0.0125987	12.1039
0.0130962	11.9855
0.0135642	11.874
0.0140044	11.7691
0.0144185	11.6703
0.0148081	11.5774
0.0151745	11.4901
0.0155193	11.408
0.0158435	11.3309
0.0161486	11.2583
0.0164355	11.1902
0.0167055	11.1262
0.0169594	11.066
0.0171983	11.0095
0.017423	10.9564
0.0176344	10.9065
0.0178332	10.8596
0.0180202	10.8155
0.0181962	10.7741
0.0183617	10.7352
0.0185174	10.6987
0.0186639	10.6643
0.0188017	10.6321
0.0189313	10.6017
0.0190532	10.5732
0.0191679	10.5464
0.0192758	10.5213
0.0193773	10.4976
0.0194727	10.4753
0.0195626	10.4544
0.019647	10.4348
0.0197265	10.4163
0.0198013	10.3989
0.0198716	10.3826
0.0199378	10.3672
0.02	10.3528
0.0200622	10.3384
0.0201259	10.3236
0.020191	10.3086
0.0202576	10.2932
0.0203257	10.2774
0.0203955	10.2613
0.0204668	10.2448
0.0205398	10.228
0.0206145	10.2107
0.0206909	10.1931
0.020769	10.1751
0.020849	10.1567
0.0209308	10.1379
0.0210145	10.1187
0.0211001	10.099
0.0211878	10.0789
0.0212774	10.0584
0.0213691	10.0374
0.0214629	10.0159
0.0215589	9.99399
0.0216571	9.97157
0.0217576	9.94866
0.0218604	9.92524
0.0219655	9.90131
0.0220731	9.87686
0.0221832	9.85188
0.0222958	9.82634
0.022411	9.80025
0.0225289	9.7736
0.0226495	9.74636
0.0227729	9.71854
0.0228991	9.69012
0.0230283	9.66108
0.0231604	9.63142
0.0232956	9.60112
0.0234339	9.57018
0.0235754	9.53857
0.0237201	9.5063
0.0238682	9.47334
0.0240198	9.43968
0.0241748	9.40531
0.0243334	9.37022
0.0244957	9.3344
0.0246617	9.29783
0.0248315	9.2605
0.0250053	9.2224
0.025183	9.18351
0.0253649	9.14382
0.025551	9.10333
0.0257414	9.06201
0.0259362	9.01985
0.0261354	8.97684
0.0263393	8.93297
0.0265479	8.88822
0.0267613	8.84259
0.0269796	8.79606
0.027203	8.74862
0.0274315	8.70025
0.0276653	8.65094
0.0279045	8.60069
0.0281492	8.54949
0.0283996	8.49731
0.0286557	8.44415
0.0289178	8.39001
0.0291859	8.33486
0.0294602	8.27871
0.0297408	8.22154
0.030028	8.16334
0.0303217	8.10412
0.0306222	8.04385
0.0309297	7.98255
0.0312443	7.92019
0.0315661	7.85679
0.0318954	7.79232
0.0322322	7.72681
0.0325769	7.66023
0.0329295	7.5926
0.0332902	7.52392
0.0336593	7.45419
0.0340369	7.38342
0.0344232	7.31162
0.0348184	7.23879
0.0352228	7.16495
0.0356365	7.09011
0.0360597	7.0143
0.0364927	6.93752
0.0369358	6.85981
0.037389	6.7812
0.0378527	6.7017
0.0383271	6.62137
0.0388125	6.54023
0.0393091	6.45834
0.0398171	6.37574
0.0403369	6.29249
0.0408687	6.20866
0.0414127	6.12431
0.0419693	6.03953
0.0425388	5.95441
0.0431214	5.86905
0.0437175	5.78356
0.0443273	5.69808
0.0449512	5.61275
0.0455895	5.52775
0.0462426	5.44327
0.0469107	5.35954
0.0475943	5.27683
0.0482936	5.19544
0.0490091	5.11574
0.0497411	5.03819
0.05049	4.96332
0.0512562	4.89183
0.0520401	4.82461
0.0528421	4.76279
0.0536626	4.70791
0.0545021	4.66184
0.0553609	4.62649
0.0562396	4.60305
0.0571386	4.59061
0.0580583	4.5865
0.0589992	4.58651
0.0599619	4.58728
0.0609468	4.58809
0.0619545	4.58884
0.0629854	4.58958
0.0640401	4.59031
0.0651192	4.59102
0.0662231	4.59171
0.0673526	4.59239
0.0685082	4.59304
0.0696904	4.59368
0.0708999	4.5943
0.0721374	4.5949
0.0734034	4.59548
0.0746987	4.59603
0.0760238	4.59656
0.0773796	4.59707
0.0787667	4.59755
0.0801857	4.59801
0.0816376	4.59844
0.083123	4.59883
0.0846427	4.5992
0.0861974	4.59954
0.0877881	4.59984
0.0894155	4.60011
0.0910804	4.60035
0.0927839	4.60054
0.0945266	4.6007
0.0963096	4.60083
0.0981337	4.60092
0.1	4.60096
)
